X	HN23_1	HN25_1	HN26_1	HN28_1	HN_0	HN10_0	HN12_0	HN13_0	HN16_0	HN17_0	HN18_0	HN20_0	HN22_0	HN24_0	HN24_1	HN25_0	HN26_0	HN5_0	HN5_1	HN6_0	HN6_1	HN7_0	HN8_0
1	0	0.614785164	0.275048996	0.748917336	3.924558572	2.789619736	0.004383555	1.946969468	2.828354725	0.002826484	0.901382219	0.032953382	0.004314914	0	0	0.044843441	0	1.97989732	0.784750342	0.504467424	3.428769392	0	0.018118812
2	0	3.114562396	16.06448213	8.160974322	58.55904348	151.3910827	0	70.80322521	10.81770536	3.809790528	13.98960177	2.941709914	6.241476973	0	49.03172828	12.78627193	21.48215683	24.14138152	37.53914226	8.526142146	4.106494632	0	30.17588058
3	0	0	0	0	0	0	2.882711495	0	0.001806978	0	0	0	0	0	0	0	0	0	0.015087613	0	0.305699021	0	0
4	0.559805908	0.936074588	0.847378359	2.990982805	0.492734278	0.351151364	1.172173944	5.741337228	2.228923458	0.275609388	1.480215381	0.333588339	0.237461365	0.117431881	0.434077441	1.203959372	0.364338094	1.259823946	0.565954988	0.575700435	2.346719738	0.251428905	3.397717639
5	8.115868999	48.64758514	12.97734154	21.12560464	21.49100162	16.45494595	2.702632255	96.9417376	33.63610334	6.065138368	17.53832766	2.338761607	45.38434464	75.68510086	117.8292873	23.37589277	15.70629035	19.59125505	36.15245903	40.01234131	50.66256152	0	47.27135481
6	0	11.05122422	5.946903704	20.41514951	6.732663884	38.28473737	0	1.610108055	7.053055057	6.165311445	9.371018768	19.79259683	14.71378928	7.313403452	3.931957862	4.750896507	10.01294034	3.345407413	4.903597137	20.88524198	31.06803568	0	17.79221634
7	0	2.633977615	4.792876192	1.670606299	24.74779586	89.75873375	0	63.16236506	4.005824795	1.452994452	7.14064275	0.957622309	0.002436561	1.891906523	0	0.294997368	0.095848823	0.995078872	1.830268246	0.891308081	1.663267525	0	114.1862877
8	0	6.757976244	66.78738119	8.605352203	16.66133027	50.44307094	0.829870919	35.62697741	11.85632886	47.41932652	12.43244943	149.1979882	13.67470743	0	8.61852777	9.984039584	252.8358997	22.51155564	18.04824722	25.10593547	4.508562237	354.3782259	105.8047354
9	0	1.117900084	1.090466652	0.590271384	25.88935819	30.91627753	27.03266776	59.81801767	5.860293743	0	5.414411662	0	0	0	0.045509198	11.55179604	0	0.373472475	2.365159425	0	0	0	10.24586885
10	0	13.6455661	16.71269718	10.78246366	49.5990495	398.7340792	0.032945299	36.82127831	11.37896602	15.73126004	22.12614046	15.60105344	3.802516966	1.918351758	1.81488863	18.00366989	28.48531794	23.00574236	8.873914616	6.148638457	3.579871438	0	273.7740775
11	0	10.60561916	1.985532557	3.401698571	12.71088801	21.92669311	0.008767283	42.17978492	7.024364292	1.398346336	5.042228228	0.005140319	0	0	0	3.823263649	0	1.682628383	0.385072385	0.01518242	2.824027801	0	57.49980701
12	16.42109093	10.17759805	22.57569545	11.19006144	24.57344306	46.91558896	14.67641596	165.9680496	37.9004366	21.66850666	12.66349946	0.765046439	3.035869356	106.2382725	0	36.86539649	79.96147195	44.04545688	56.70510132	36.20458623	17.90805925	0	235.9105858
13	52.36761307	2.293912802	1.738246388	3.043857283	18.04842723	0	25.94118827	18.51874519	1.319633065	0.670556408	5.89126705	0.16825764	3.867945608	0	4.115762628	0	0	24.04202872	15.02625005	0.029270224	1.114370426	0	126.9932973
14	0	130.2685715	135.9111016	214.6044314	57.65826603	129.2412867	5.748851287	69.57061334	96.12664026	20.43939398	24.43963664	6.733693396	190.8028781	54.15467801	227.8392795	58.64917757	31.10677134	80.82813469	43.43736972	58.22019969	227.8710586	48.24043341	230.6618879
15	0	7.61664713	2.930052845	2.131866106	24.42312398	47.3412777	0.006027474	79.59432795	3.266646745	4.193571848	6.07343305	0.00298379	0.0039087	0	0.748366322	19.38432093	0	1.519827273	0.182398541	0	0.641700399	0	63.35504035
16	0.144312836	3.180409212	1.607139133	3.825251298	1.129206259	18.24226369	0.31123215	19.05520849	1.187012124	0.807102826	4.139708485	0.16174264	0.209897675	1.58852005	4.275040575	3.411450703	2.287509649	0.516889393	3.031540136	2.875268512	2.747202135	0.307146042	9.493757396
17	0	0	0.403831695	0.250069033	0.426526355	0	0	0	1.873173351	0	0	0	0	0	0	0	0	0.002176156	1.244765807	0.737456193	0.090726548	0	4.364887476
18	0	27.16708095	18.68658336	35.46020106	15.18126188	54.82368675	3.920968888	35.49924813	26.9940979	7.004875016	10.15708689	0.482394035	16.42348797	16.08789196	33.01718948	19.38531713	9.026748175	17.45231874	22.97265112	15.37754935	42.15723445	0	68.62798497
19	48.98761059	1.034149341	1.331952698	2.742868167	38.25189553	4.055070102	6.705900209	18.32029781	8.144063623	3.692374229	11.63148	0.068418912	1.34488631	0.638795204	5.938779474	0	0	2.452543139	0.228951873	1.330133624	1.785397834	0	12.58926894
20	0	4.668364645	4.435155249	11.57680945	0.292317043	0	0.002123272	1.543594199	2.807184648	0.20450114	0.702765977	1.33485243	2.446934246	22.73919711	0.024490047	6.864014828	5.325881985	0.954667545	1.866144295	7.8691165	35.79992558	0	36.92947361
21	0	4.180325773	0.020949804	3.305994852	0	62.91071548	0	14.42343872	0.38246626	4.550012815	2.157332781	0.017193462	0	0	0	3.012279576	0.143020031	0	1.564646256	0.229336786	1.449141698	0	5.0942445
22	7.23347073	4.76358602	3.387950915	6.056522547	17.21296087	53.91970251	5.206926165	14.25180206	4.417671295	1.352706775	7.200595418	1.351179784	0.591574474	0.548513809	1.690978031	4.112557719	2.508844524	3.490716774	5.590891389	3.158566741	13.40789513	1.792849464	14.76413956
23	0	3.496577124	3.265747794	2.038922849	0.52728292	16.50023429	3.163678834	3.255430247	1.698253046	2.282099543	1.372503496	5.182580803	1.70623334	0.615964195	4.243492643	4.764823529	6.565869444	8.093318461	3.505749407	1.979578943	1.80695054	34.86328441	4.819274519
24	2.338232642	2.073429911	6.283788955	2.138649041	3.966671518	3.107830328	5.234259452	47.20101811	5.481549554	2.231903931	3.733200634	2.148998165	1.883346989	1.315678074	11.78046362	6.338708033	3.07453329	3.775052734	10.17695531	2.171177744	6.281994489	2.439988554	10.98252112
25	23.99834649	14.93710166	7.173737512	3.306519569	17.31678581	38.88325831	20.17553146	31.34772936	5.659978395	3.615790273	18.00887506	0.29522623	6.673915896	31.08884892	42.31739252	4.617653512	0	11.76885017	9.232089124	1.317400564	0.02605834	0	107.7789158
26	0.009019629	59.60485914	48.64431443	76.55762337	27.73893044	138.0285102	1.885202758	83.90662393	75.59427743	31.25598142	36.87672946	72.53844105	97.20817979	86.96259285	47.89380566	51.95659159	52.02921729	99.96857462	79.21620652	83.35466697	97.29744224	0	135.4672208
27	0	0	0.00145252	0.012264378	0	0	0.010273765	55.83300423	0.005385923	0	3.496020898	0	0	0	0	0	0.036792445	15.51850264	10.82731485	0	0.020510914	0	226.2956363
28	0	5.683345029	0.019441462	0.074063706	20.54608696	259.4440301	0	41.02144656	0	8.091095485	0.004481949	0.694419446	1.240317936	0	0	3.917948712	0	0.074044745	0	0.779629103	0.694304602	0	61.10469771
29	0.053922241	0.23425278	1.25570354	9.15178891	0.531846649	5.065724996	0.156985102	3.75262616	5.904026317	2.196732131	3.590216113	0.048360081	3.52369823	4.750569928	0.200610671	1.505057727	0.04924532	16.52908668	52.38500874	7.673269497	31.40842819	0.015714297	26.4346045
30	0	0.051228373	3.832622826	0.7432402	0.079511082	0.036896684	0	21.03433174	0.020315804	1.272685866	2.932570239	0.147095361	0	0.008108088	71.71781561	0.037286854	42.44383313	1.765431432	2.838467334	0	0.050803239	0	26.15215041
31	0	5.021274148	2.580524395	8.338908516	0	0	0.001986303	0	0.63592989	0.001498931	2.715875209	0	0	0	0	0.967424876	0	1.748211206	8.161938	4.092601065	21.90650997	0	0.004950473
32	23.70995293	2.416536024	0.167563182	2.500432114	8.005643052	3.638769966	16.76297277	2.863625058	7.756195096	12.11718658	3.221977493	0	0	0	0.076325731	0	0	12.00453794	10.04220808	1.81463745	7.362421677	0	3.583367066
33	63.13490316	17.05099441	4.064721995	1.858506352	17.5784615	21.70222117	5.330449558	178.9079182	29.98494962	14.45081093	11.91465408	0.021446644	0.511740443	0	24.20265506	20.96591297	0.905089611	59.09658989	42.39140079	2.866608719	5.773900902	0	19.22518535
34	0	125.5013714	189.6317455	166.5560868	42.3125406	44.39805426	0.008150466	138.2950067	102.6708647	87.4825224	100.6586994	10.45532277	192.9015727	319.4131043	68.04012218	117.7958645	328.6657543	101.5515903	67.4700763	65.96878014	54.02364871	56.18060106	211.6018699
35	0	795.5040598	43.54922951	287.1567427	58.7248652	318.107336	23.00243234	286.8939695	282.8209959	270.5705623	233.7688429	3.893453663	36.22136886	280.5663946	239.5772387	714.8914148	186.507262	369.0311462	267.7786344	269.3458988	50.01467463	39.22116045	426.2438727
36	0	67.56497063	5.897903855	10.20810306	23.45795736	473.7489942	0.009794773	35.95462154	45.82451704	16.63619272	81.56204271	0.889358367	8.780088226	33.5332465	79.07340104	222.8471163	68.02826722	74.41765834	14.06706305	13.87574547	19.71462636	0	10.73720103
37	0.297650226	4.371012307	0.292238319	1.78287195	1.056084961	0.417127834	0.497465605	9.215056607	4.576940016	7.926459326	9.433482787	0.34849149	8.658482363	0.116757005	4.202821091	5.716726622	1.121099146	3.790449828	1.088961811	0.407664049	0.596048415	0.105713824	4.373576124
38	21.68574555	231.1941069	87.85433933	182.859731	95.48536624	111.8211151	24.12509579	193.2927303	88.78337637	22.40767307	146.8861423	5.914326267	71.1819452	263.5420247	343.6427261	179.2377243	37.9739056	102.992344	209.531544	215.1702185	336.7625665	0.138566748	140.0254913
39	0	140.3324423	42.96498452	55.14142524	38.60033343	401.4012038	0.00164385	59.29672874	104.6658354	138.6274618	97.61971047	8.468897365	241.9635983	364.1179474	220.3738219	174.3908421	92.57178306	90.07940651	60.11143948	22.99887402	24.58072639	361.2700625	101.5563077
40	0	5.530204118	1.065590774	1.716862435	1.925021273	8.578530436	0	0.767924842	1.674534564	1.025915505	2.501507262	0	0	0	27.5317779	0.014379892	0	40.31991001	48.03873341	7.551895962	14.42025524	0	2.74571242
41	0	190.5296294	127.2777594	179.2513182	48.27424603	59.44930532	6.365806334	31.07608756	123.3389988	123.3199622	106.5377389	68.6922683	142.1388321	316.5917105	104.9526275	181.6699244	275.8971467	207.5976065	128.3825895	77.77358955	120.1089422	223.9309236	94.04926648
42	0.070784549	78.23783614	19.85595698	71.66470463	32.34974499	102.4652941	1.792291186	34.5723188	80.86694584	405.0157563	40.8168783	40.44262645	110.2702428	972.1085529	40.9539271	86.58717631	20.81935228	118.3208445	106.7307684	122.9089623	77.5556474	0	85.18867688
43	0	666.2040211	556.2360121	1009.769495	489.0107714	518.3053518	14.19837654	818.3777181	977.2580825	427.105989	515.8170434	126.103941	1137.91302	2375.247244	745.7046758	936.7019503	1090.866281	957.4258681	466.1087898	887.9801805	801.4611773	330.2803388	827.5245875
44	0	8.03937017	20.07091308	7.346487298	3.845125037	35.16796572	0	28.83350648	10.81444041	18.33789728	15.34432207	7.950006429	46.23439668	62.56596729	33.15042174	9.98501771	31.76110225	24.77068306	24.16230282	12.67150812	8.689578332	19.19144968	14.71877164
45	0	0.305254148	0.162037418	0.940299273	0	0	0.005274064	38.4654812	0.522291401	0	0.006689141	1.63976685	0	0	1.453421343	0	0.007169753	0.543273093	2.35477373	1.22242322	0.325188161	0	0
46	0	4.442146444	0	0.612648003	0	0	0	14.94016646	0.004403476	3.735761255	36.23954813	0	0	0	2.535795282	3.601902159	0	354.9776807	93.69400522	23.65848051	12.51126864	0	3.065576802
47	0	0.793345317	0.930443403	2.595368711	0.041122825	0	2.192730924	7.33642534	2.942737186	0.577086811	7.107227212	3.305927419	0.038070818	2.77924594	2.69102586	1.156128217	0	9.072804193	9.844601876	11.49036855	15.61274998	0	5.410304699
48	9.148953066	23.62482185	12.72575494	18.11378375	4.870022893	9.287213782	12.99815909	0.679772086	11.04660099	0.610781454	4.769498241	1.887121928	1.565531567	1.918636452	0.757120764	2.16338575	0	7.740566599	20.8341971	3.778832632	2.99860353	0	0
49	18.13758001	8.003818455	12.4999598	5.933418995	14.27384074	30.16549168	8.030816571	35.21465336	12.72928675	8.620990226	6.005700481	3.821577504	2.674298462	7.748753953	72.19305415	9.447390844	36.27085893	51.94066716	36.70903316	8.582949569	5.32860361	41.9699484	36.19184266
50	0	12.51651351	13.69494887	13.64026618	4.67913056	3.68292998	0.006027474	234.6827278	29.82066858	5.516233094	6.759838944	1.809330014	19.21327874	5.562666098	26.11794856	16.91670977	60.22644862	27.15264116	40.25303261	32.38723543	57.11860358	0	84.98855141
51	0	7.638216531	3.86243854	15.59413738	5.754432644	15.54682113	0	11.26132851	3.473964255	1.982089788	8.729960177	1.768038269	0	3.168082269	0	5.320122417	0	23.37550079	29.57027377	24.64798761	62.52209186	0	4.944243924
52	0	76.04608432	36.91788329	63.77107153	30.76656802	60.07504235	0	74.45648028	65.12556313	89.59683492	83.70354707	15.96879633	85.54175444	282.7526869	50.27822596	80.1425332	62.01349956	105.9503363	77.31769542	79.45598854	77.71860369	0	73.79112307
53	0	28.06778325	16.03000066	36.5516519	4.850087843	72.88633664	0.078355689	330.5525347	25.95512089	8.604860052	27.53993501	10.32476488	7.818900763	21.93210375	33.77049514	38.38368165	232.3205865	107.9616216	137.4621744	83.39596299	83.50294171	0	74.54332465
54	0	4.68635633	9.893935115	10.5427934	0.319729257	7.264396405	5.388056869	0	2.107629842	0.436683465	6.288806015	5.078488913	1.413529971	0	0	2.515807514	45.77192205	15.79840249	2.564495773	38.68847713	18.22643847	0	0
55	0	0.215441615	1.038831752	1.46668337	0.490591931	0	0	0	1.001349705	0.002826484	3.003084029	0	0.073855954	0	0.021429024	1.082209871	0	4.194033386	0.455782259	0	1.83796487	0	0
56	11.82966609	21.83267287	16.94814451	28.56205427	29.5048067	79.75212467	25.58390131	44.85633538	28.04201542	29.92147437	19.23498792	9.258480191	14.12324569	67.36033905	55.07909611	29.72518802	32.66260676	33.11539058	34.60646164	35.60058529	48.11640728	3.265598528	81.98852948
57	0	20.85855997	36.18652378	34.77154556	1.389084894	5.851369193	0.003835626	10.05151588	5.345667821	39.21605456	15.87062899	16.36107085	6.115065614	9.238109587	22.87390831	10.764849	24.20073004	26.24616436	24.00740605	10.95758196	24.53790986	0.771428457	6.540317424
58	0	6.696049486	3.029979378	1.763278514	0.783250381	0	0	24.76206973	0.525294342	0.951982219	13.94668124	0	0	4.230754851	16.85033603	1.629218874	0	113.0799089	44.28262019	2.535457554	4.875284591	0	4.203848089
59	0	213.8741945	125.114771	258.493355	18.47744538	24.40644121	0.693007776	23.05827198	17.12204246	68.87509149	36.44525048	99.52378659	66.2070866	85.06830056	40.37458221	40.05822619	38.12461156	78.93625652	136.7902864	67.23772037	339.4775071	0	28.96868764
60	0	19.59083894	8.015058147	16.06915972	13.05347455	37.57888964	0.004863005	60.74261023	36.76266393	27.45928979	21.9010479	0.284832652	71.90959238	94.58305331	278.1165443	6.361737896	1.031880322	33.76514674	39.45269127	7.742776747	16.6849573	0	50.27273341
61	0	3.392823114	6.417357231	3.676638564	17.56218898	124.7438176	0.011643921	40.97805589	6.915180744	4.956877175	23.61238678	0.327358884	0	13.13283532	17.16396635	16.60834268	0	118.838259	60.76366064	12.00611389	3.703990471	0	6.776806398
62	0	103.1524529	37.84841803	46.63811436	23.49681718	11.1930436	2.687935556	77.20042868	44.74300375	168.2715706	39.6987617	443.5540178	1011.971976	29.44740428	8.69212219	98.92749489	92.70008655	52.42266447	38.43895598	203.369019	97.91742074	3.277012364	5.61648304
63	0	2.298911045	3.108959998	10.58652264	0	0	0	0	0.26540395	127.5736711	3.079378119	0	4.102859373	0	4.420782067	0	0	70.39369945	48.42556849	8.286948871	1.156203291	0	0.407905539
64	0	6.029610912	15.96686958	8.040751757	0.372355791	17.99634522	0	13.41717092	1.811390319	0.553273666	1.627107775	0.876285511	6.998527449	15.30315414	8.794581473	3.479542669	6.677867014	2.277791997	2.50294601	3.283331148	3.728525228	0	5.608606067
65	0.038626898	0.035413997	0.838574131	0.333303386	0.570910428	11.64646903	0.070410577	0.090000324	0.444240016	0.073553224	1.532871728	0.016543636	0.038984451	13.26853648	0.01428564	0.026860661	0.005660333	4.608335666	3.535952023	1.179666942	0.763233594	0	0.051386356
66	0.221567855	3.479698955	2.042916895	37.98687512	2.143355863	0.246552154	0.254587631	20.61655483	7.269175068	1.753090392	6.928376906	0.213014197	0.067817416	0.116757084	0.128978298	0.419608137	0.17528303	60.61421112	22.73797307	8.28611506	10.73138918	0.251424729	17.63485642
67	0	43.95114433	74.80124646	56.52393679	3.139839252	2.775702404	48.80641238	9.448735615	10.6035172	181.3311051	46.2308847	81.82785175	106.8554497	3.862176061	33.41493957	14.55861593	42.76254948	15.6525629	14.1992908	54.43208457	33.506433	9.321496377	4.711639128
68	0	25.34941118	57.8968081	93.92593201	10.86383763	7.296691167	0	21.03952387	10.32929342	0.018179829	19.13484656	15.45397044	26.27117918	74.00072105	27.4819801	15.25597566	25.45029377	41.79073179	62.19381656	31.33058875	110.4554636	0	17.78532676
69	0.160786101	3.907650565	1.600309431	5.118300087	0.779564045	0.145402986	0.964680646	3.638447432	1.952825411	0.482212069	1.559554568	0.722575976	0.121675654	15.42549314	1.295722298	4.148071116	2.292990484	4.463937053	8.250406162	4.249177129	31.20103971	0.097142231	5.840926521
70	27.32984399	3.119951054	4.921441108	4.309409769	4.109292557	0.887363656	7.696338958	9.605240161	8.819323076	15.94960359	12.8262995	16.56639758	7.808792989	0.454866399	4.113201658	10.65227573	1.172830767	6.620224006	2.424139587	6.306239546	5.717313852	0.378566077	2.631395535
71	0	0.098432139	0.153774212	0.305519831	0.256657897	0	0.004931259	0.945134689	0.002614022	0.009721678	0.151846458	0.134049667	1.052865735	0.00270269	0	0.714938546	0	1.592901417	3.123812757	1.17671701	0.538039928	0.014285429	0.018712576
72	0	7.567864718	1.744204282	14.96293365	2.336658943	2.029231662	0	0.742170342	3.056515363	46.74890207	3.043326319	9.326835924	19.81467937	1.788020785	2.179136771	6.538601623	6.194276672	6.076439189	4.417701119	26.25564319	13.451017	0	0.449694033
73	0	0.303666412	0.186258285	1.146679938	0.29846862	0.164028801	0	0	0.674181078	0.004218356	0.237114933	0.094355713	0.109899157	0.758517464	0	0.018410603	0	0.489175589	0.424435208	0.562921165	0.852168453	0	0.970475704
74	0.973512225	5.547492733	3.233897495	5.778461247	5.606179392	4.066241118	0.138019752	7.446142336	13.64916218	6.43367781	13.84253904	3.070741356	0.56456271	0.697972979	7.307683367	0.81583186	0	8.059945317	2.272355612	6.43591622	20.13212995	0	0.842871332
75	0.18647001	0.368351071	0.458650489	0.621714197	0.255281469	0.133448626	0.339520822	0.185731448	0.275998881	0.133126083	0.365090205	0.360045204	0.105076116	0.085000018	1.263840855	0.245348652	0.371132238	0.301195004	0.860822175	0.188027933	0.250658953	0.157144283	0.251880104
76	0.268033385	16.37789214	12.77718211	19.978446	17.0693634	9.308305807	15.76304227	19.21927366	10.15642366	19.2709358	6.027028862	9.304976449	5.938234301	16.96405214	38.92093689	11.26144698	11.02824974	3.299765135	9.788797232	8.800565387	15.05529868	17.93163998	5.661464621
77	0	0.00404924	1.005160211	0.002991751	3.417420967	0	2.180070872	0	3.240128262	2.721384272	3.540091051	0	0	0	0.027550504	0.009263692	0	1.471239254	0.474683602	0	0.037883061	0	0
78	0	0.033803019	0.071116972	0.093702349	0.097602914	0.270009785	0.095821898	0.098779849	0.106456611	0.389126854	0.723790426	0.072983859	0.637708233	2.207627895	0.33020467	0.112054206	0.121885054	0.739439518	3.120391975	0.919776837	0.276200118	0.061428442	0.190197913
79	26.82610781	2.315367469	6.28506558	3.455990377	2.780842887	5.416253771	9.61123602	7.987213314	10.65740701	2.057709701	15.38023933	4.811730606	10.92104593	2.924958425	35.33714899	18.63511662	10.20307201	12.76623376	9.514716668	1.836482351	1.645834496	0	0
80	1.124313594	2.380268261	9.946532047	3.391817652	8.768597211	1.587374768	2.476162565	10.55682085	13.54227276	3.543062816	6.889667046	6.024382308	5.186023982	0.960007279	1.45939522	8.412902356	10.2068475	5.220815192	8.187024773	6.733466273	3.407655696	1.752860974	2.88068274
81	0	0.034093553	0.002737439	0.266862721	0	0	0	1.652627215	0.00352632	0.342612917	0.15020307	354.5382416	0.002842649	0	0	0.006937958	0	0.004041561	0.753728622	67.92507992	36.42450203	0	0
82	33.637651	5.939591795	3.622911522	7.015739628	45.45863653	0.039655681	38.66194113	1.143643771	15.19821011	11.87514728	30.32447656	0.879006274	1.132456554	6.604615465	0.240392987	8.953928052	0.383574502	4.747276888	3.023032365	0.158758822	2.196253807	44.56123204	1.26310986
83	0	1.834005688	9.559877924	0.766747353	0.851779652	0	4.08469049	3.763765289	1.430010382	0.672840165	3.44066215	3.607628472	1.244935923	0	1.292856491	4.362476431	0.820937599	4.038762699	14.75393571	3.726592471	3.716954678	0	1.354677509
84	4.671272776	4.651691253	1.805686145	4.397370465	4.200298841	0.809879294	0.385016031	2.445629134	1.392692876	7.498731646	5.572607667	3.780474313	6.601646658	3.504327632	19.36451224	2.399763908	0.205661508	3.792301486	7.118961136	5.390615906	6.875635299	5.787300851	1.603799205
85	0	0	0	0	0	0.025287369	4.245739472	0	0	0	0	0	0	0	0	0	0	1.37390222	0	0	0	0	0
86	0	3.77286201	1.272995109	5.346477753	0.16704118	2.067818072	6.042404882	4.360794079	6.144709548	0.46521368	4.27368949	0.586862247	2.962233023	1.509965365	0.015101353	0.151166961	0	6.845322303	21.26804714	9.890592978	4.792148109	0	7.6030802
87	0	0.452628656	0	0	0.475761053	0.771147346	0.02082197	3.38077044	2.71893745	0	0.674449715	0	0	0	0	0.007286667	0	4.393240731	1.556377884	0	0	0	0.015841207
88	0	0.002774019	0.047569701	0	0.001123587	1.359538519	0	0	0.046930863	0.019336216	1.408793421	0.120769331	0	0	0	0	0	0.006476888	0.001871345	0	0.103796364	0	1.121683011
89	0	21.32341347	6.496318118	7.482172551	4.630499413	11.32300045	0.078219214	3.444914811	3.606800999	17.97258238	10.66107435	0.660066135	19.81340149	49.86860626	20.47279679	14.42563645	29.48556888	9.105436319	10.58476261	5.275734195	2.515293424	18.44630386	15.45371954
90	1.229454598	0.384216975	2.967112416	0.006694217	0.718251329	0.043678566	0.038287033	2.730011432	0.014754496	0	1.992104436	0	0.003959502	0	0.106937576	0.004224825	0	14.57453559	2.657889302	0	0.635821884	0	0.128218512
91	0	0.297590688	0.600419362	0.068976551	0.001235949	0.011723825	0	4.162999193	0.792580749	0.016145581	0.017635183	5.409497253	0.395388117	0.248119575	0.661857602	0.241396305	0	0.22171661	0.590885813	13.97777755	9.350070914	0	0.004257416
92	0	1.661914549	1.181511042	2.384030189	1.278080546	0.96365741	0.002191783	1.122530288	0.11744176	0.680335587	0.853101385	1.132399383	0.110912099	3.337007398	0.199998157	0.166743505	2.272066605	1.464223702	1.81832442	1.580254367	8.972156238	0	0.323258013
93	6.962150794	31.54893238	9.64606144	18.76567426	33.76419233	129.2762821	12.45507227	10.50754956	21.92781749	21.23647938	28.624378	6.05459405	28.43456762	34.73345956	30.51435268	18.15372368	0	77.28382829	42.74445994	46.09724699	14.21718909	0	21.67758821
94	0	0.002997757	0.022318387	0.020247811	0	0	0	0	0.021369115	0.026659426	0	0.01135891	0.004263782	0.003783761	0	0	0.106415012	0.001554392	0.228243009	0.01328464	0.057226151	0	0.009009822
95	0	5.136580743	4.294945925	25.59830296	0.00153558	56.39666574	0	7.780803036	2.634980883	3.612330711	2.465760099	1.18027252	3.909501856	40.49908059	9.936052178	3.519066429	9.869944514	11.07967707	8.123928562	4.335082334	39.64387778	84.203685	35.51684772
96	96.37233245	9.366214697	12.94093898	11.53128212	126.0952293	6.921447719	167.4989007	39.28164447	157.0859091	25.31440854	46.46126925	7.564354838	14.69390212	31.75836103	0	58.07885549	18.50733787	22.75835374	14.1356095	16.35740438	15.79822199	0	19.50065337
97	1.239214342	13.75877077	6.642374092	13.39942981	6.910006229	2.179783374	2.992191158	2.869523005	10.60474069	8.058673145	6.169673166	4.300628707	5.920874997	11.75552954	8.279394455	6.000689426	3.372656569	5.961464375	7.533137166	6.245725214	15.84708833	1.318576938	11.64360834
98	0	0.868528887	1.477954463	0.326956767	1.818334185	0.318038028	0.006164482	0.174752697	0.918662168	0.299185024	0.040021828	0.387461833	0	0	1.691987201	0.318375588	0.201499689	0.125807196	0	0.483876321	0.330078562	0	0
99	0.18039184	1.239267807	0.695398174	0.181007088	0.335880016	0.272529688	0.415479933	0.432066877	0.399610514	0.171540499	0.683744033	0.350575225	0.366248187	0.747022218	0.096121911	1.448551423	0.172641419	0.669791505	1.634973033	0.400072069	4.726592378	0.095714171	0.42138419
100	1.574514585	5.222736612	5.34530057	4.0881775	2.240566868	8.862759513	0.017465756	1.314536459	4.260064349	1.530060797	3.567842095	3.240030418	5.457005852	0.294716084	0.048774796	1.15763348	8.305135028	2.239180043	6.828875904	1.478480654	9.532793625	0	4.147547998
101	0	2.92675364	4.965011128	5.093022457	2.438905747	9.214097937	0.006712298	4.852634394	4.561503044	1.994124897	4.412691257	0.985080487	7.134710479	0	1.676672612	8.096317579	3.35169404	16.61509885	15.42071809	1.221415821	12.47638761	0	5.418996689
102	0	2.055651573	4.588219385	12.78038795	5.868839124	0.083908178	0	5.309828505	4.060394236	0.381148978	2.911773232	0	2.204440532	3.116501635	2.435250023	0.686638696	0	9.89887675	13.18383388	4.435197731	23.25066903	0	11.30266922
103	0	18.66595487	4.469469607	10.414063	8.856011765	9.10974453	25.5270875	85.08461733	17.74786238	18.73403777	13.14172372	2.041133802	14.42744648	0.031486683	8.651532915	14.74704789	7.778759418	10.97966534	10.36215909	20.24355989	23.3447364	30.4115498	4.231191459
104	44.38774345	23.75368717	6.253830257	9.56337514	44.85881811	4.992767204	66.77034989	46.34227176	34.07670207	54.34593587	33.8225715	46.56159824	51.75133711	11.90543724	37.73678468	39.05363974	0.615832227	27.88807368	21.44830442	21.74257969	17.05838862	25.61509647	63.36443645
105	16.84470688	1.191895229	1.496626058	1.726445549	39.86962555	0	46.28158257	5.971901469	12.55282009	4.53505909	5.419076657	0.00453477	0	0	0	0.304582883	3.973841501	14.95611086	5.858868288	8.707933824	5.117204854	0	9.304932842
106	7.693044728	3.626704683	2.152159809	3.26497171	10.45024755	1.581106724	11.28647641	8.134722727	9.048244864	9.615108074	7.713337238	2.62128223	5.87388587	3.9513598	0.237549585	7.778160812	4.581359514	2.448303668	4.478379972	12.94817493	5.986947469	1.321432254	2.785401993
107	0	3.535648357	0.001787706	0	33.69145686	0	12.59522894	0	13.2091569	7.241087589	11.63933001	0.220715447	1.326446994	0	0	9.486981315	0	0.572092044	0	0	0.184307171	0	3.021792676
108	29.87428946	4.374820797	2.159759351	0	73.56680091	0.010229592	9.836610096	11.16957666	11.36040312	6.190313767	33.72959923	0.003707525	0.011928901	0	0.035101426	13.41224395	0.015659921	31.97239335	0	0	0.156353009	0	12.97126072
109	10.57604524	3.061629406	6.146064596	3.765984066	6.200581807	5.387703262	3.277610833	2.9419369	7.082436124	3.322778795	3.193983239	5.843433617	1.836602213	3.175121015	2.204661554	6.544224364	11.82856574	4.929346781	4.085079016	6.779194011	12.9012737	22.39487235	4.786124122
110	77.42799764	16.44851819	4.89504396	9.524086838	102.9921549	27.89957087	156.168162	26.65820256	92.84911253	13.03606712	54.55597895	0.37991314	3.926751214	2.746160347	5.580322403	91.78342399	11.57656691	30.58588094	6.662057413	16.86249504	22.2018084	0	5.704186399
111	288.388475	81.12483116	54.87069601	57.94068903	110.4117597	33.11223091	257.6830627	54.50332246	33.40675557	238.5059409	88.53715962	30.01882865	167.2204955	0	34.20584418	28.07969347	12.65828638	175.9556179	88.31769816	4.399008745	12.73605035	0	78.43697693
112	240.2669108	10.11886044	2.604128112	3.24384648	121.5375733	18.30900449	139.6319218	9.534961604	18.29096754	29.89299684	65.74396073	4.209504187	2.952339109	7.602945062	3.611406347	21.45478516	6.178101771	18.01493921	1.975084104	5.518861555	7.01074054	3.202863384	10.64244781
113	0	2.030436252	0	0.064527766	8.957256412	5.427767538	0.520696471	3.11526707	23.23405817	0.901449588	23.80719919	0.081197909	16.42958279	0	7.181495798	8.875971026	0	7.239370094	0.872018388	15.2117747	19.24057029	0	2.274172849
114	0	0.292416535	0.155832788	0	0	0	8.775010504	0	0.147139831	0.026317229	0.001418925	0.08211062	2.955723478	0	0	0	0.006037741	0	0	0	0.01605832	0	0.022475457
115	43.65665778	13.32049468	5.668813551	10.58332704	32.67662778	0.381276687	50.75580296	1.290867473	28.82105237	4.651486676	17.90154011	1.82628928	4.659635297	15.39745074	11.01366227	13.61769224	22.9273594	10.18152395	11.18979965	5.242969022	23.89699435	0	5.583645967
116	17.13094178	5.445277615	1.931452066	1.650507773	34.89087673	10.56854117	16.19788517	2.931461802	24.66509098	9.13152663	25.48211123	2.690430652	1.289297425	1.317830267	3.429538811	16.47839394	1.783025695	7.660753982	8.476157524	1.252477972	2.422774993	0.902855124	5.994156984
117	0	6.307272916	8.031293663	25.99363369	5.078194207	13.75864718	0	7.015548988	3.879389302	9.326967472	15.44471343	0.565973129	0.002436561	74.90676938	9.881418083	10.48682758	41.5028249	15.88481496	9.646680324	8.809468741	101.9705293	0	45.24924766
118	160.7651006	27.60435372	22.88163698	32.57902355	79.60556305	20.03544983	37.17931183	24.18486147	44.89364926	11.30594115	33.80299837	0.984762214	11.14367194	46.20363459	43.48631994	38.58798329	4.163711031	27.20613208	33.08332155	14.89343539	61.42021488	0	13.64963102
119	29.33169805	5.623021368	3.951762675	5.674312238	66.1578711	0.69163811	83.17523846	25.07423039	47.51172658	24.35224928	21.76995949	16.47078261	23.67728618	10.16845922	20.48518472	50.26990098	0	6.905001595	0.362113576	55.65158941	15.86305024	1.111437409	0.994578345
120	171.2626647	4.619585445	4.288968501	2.8853114	147.8189244	12.2793521	93.41947273	37.08831882	89.39686381	21.85180283	59.7272852	0.039261323	0.044212992	0.033107977	0.02204103	78.40750514	0.013584221	32.14431615	0.048830172	0.09467145	2.775680494	0.087143266	47.42682625
121	0	0.148052908	3.864421859	0.225783695	0.262619392	0	0.00993164	0	0.211564488	0.891795764	0.098651575	0.554043983	0	0	0	0.020736288	1.459395428	0.003782382	0	1.981510932	1.124002879	0	0.006039631
122	0	5.09803075	3.405343587	6.597177591	1.941080245	0.021264868	22.60313542	5.377364589	3.250684781	38.73625145	19.5080003	33.53769225	19.58804817	1.112811786	0.018978964	2.418985882	0	7.649476949	22.14308871	11.83456675	3.784563907	0.205717737	0.200192121
123	79.80575931	12.32880892	0.014888364	2.134999168	116.1570692	0	94.18463172	13.40867168	78.1168179	13.09964632	21.31702533	0	0	0	0	16.28356453	0	13.38224081	0.136957399	0.012335448	0	0.201430046	55.46576741
124	0	0.095191651	0.350023178	0.061949324	0.654090183	0.013908123	0.007328762	0.036098037	0.15150525	0.206783467	0.559242438	1.607847522	0.120909098	0.035945856	0.055102327	0.035387318	0.043962265	0.011554393	0.021227766	0.223933664	0.045400632	0.059999746	0.050099038
125	89.59528103	6.52628755	0.761065319	0.786126363	72.01650791	3.454340223	81.09333539	4.933419261	97.46650958	11.48197349	115.5482205	1.340041114	2.581093136	10.14704187	13.78039159	68.89140047	0	38.20190018	0.335791284	2.330178335	0.208462966	0	33.64063987
126	22.52770241	2.599581111	1.42815832	1.551338254	8.502666205	2.781138159	5.596038089	2.766959401	3.313799149	4.06831896	5.555152264	6.61065868	7.646726882	0.333788643	1.809198291	3.840107682	0.232453731	1.51020988	2.918715879	6.885921335	4.211308548	0.107142987	3.348056508
127	386.6112272	27.82129989	5.072205039	1.395317647	289.6056565	25.91616487	587.3320502	81.52084217	193.915167	62.90937991	134.3734539	0.105080491	0.267660499	2.091218026	11.89616273	345.1415619	0	41.03161309	1.541341295	0.667929077	0.24759607	0	38.04120739
128	20.84968685	11.70610868	17.3506018	13.15566205	16.16345745	0	33.11778153	14.22258093	25.14071783	8.902740624	35.65791102	15.91888118	11.12420154	10.77771436	44.47969448	11.32376972	27.80497251	27.90455473	25.88891907	9.709132387	26.98849235	0	6.138237982
129	72.37796384	0.501732636	0.301036598	0.258131444	63.55098329	30.17123267	114.8245611	31.00943036	14.37405141	22.94136412	102.7196692	0.081371324	0	0	0	36.76306633	0	8.581466101	0	0	0	0	137.674556
130	5.132919722	1.898329469	1.993699258	1.352612309	4.521451557	1.030578722	8.205092388	2.581958175	5.090334092	1.781433918	3.619454753	2.436972236	0.915383581	1.789980308	4.831864509	1.576275975	1.229997533	2.996110507	4.690506155	0.918613544	2.703357052	1.167141468	4.203841217
131	0.109215909	92.37245138	186.6772502	618.2516208	59.46843622	33.64791689	81.34702686	280.0992076	47.45830582	25.48220195	202.0609033	14.3874033	158.7854134	186.2867449	222.7042147	31.40363067	68.93294892	61.79233673	46.69546541	115.2360608	316.6089826	0	0.696750289
132	0.082744814	9.640707042	2.042571551	5.072244989	11.72577558	1.363262323	3.976488236	8.609895072	1.423942354	2.567220164	6.500766953	3.18437948	4.719490079	0.50461284	8.769905523	16.04676084	9.097403344	1.419767183	1.124400791	6.414915251	5.103019301	0	9.41750778
133	90.36440296	39.91256857	0.171505015	0	268.7709332	0	243.5983549	89.17969482	147.4522666	52.30410781	140.3973265	0	0.007411294	0	3.788746302	309.5210855	0.019433564	16.93863099	0	0	0	0	148.4450724
134	3.057772237	3.429806552	4.109188315	8.003385476	8.671716063	2.420913907	8.053038975	1.546075713	4.167657735	3.453299774	4.51709118	4.029795099	1.762141917	5.127102176	1.393030892	9.834442191	1.753180896	3.446400069	8.216093652	5.311702523	15.47431776	0.251427671	15.09569677
135	1.338989759	0.920744961	1.875670841	1.137207329	1.715715707	1.377215623	0.003356181	7.120400654	3.516251498	0.400125054	0.771875402	9.270495611	0.142788463	2.461010571	0.132447061	3.966313586	0.145283197	4.797778871	7.602951275	13.00641089	12.49394721	0	4.484126775
136	0	5.993446053	0.020921773	0.829416112	0.274117857	0	0	5.937776734	2.99027599	2.92470153	2.720656883	1.273255852	2.978765727	0	0.063468971	4.493152616	0	1.712641735	1.049290462	0.172268984	0.312839219	0	0.477819668
137	0	38.14378299	36.01148497	73.1349856	10.5423406	48.78274647	4.858488058	15.85282637	30.85560927	1.670114744	33.12641335	6.457581134	50.9140982	198.8649581	113.1077912	34.36471281	14.68725053	82.61284278	76.89362867	60.48579655	273.9315266	0	23.86781315
138	1111.75744	70.09158525	6.518863104	0.014991667	475.3229166	0.050689532	462.3259535	13.98604078	190.4261277	89.7227025	254.0479524	0.014372173	0.014416331	0	1.230978915	126.4956526	4.088643079	49.83077974	0.018596401	0.246567634	0.237949794	0.002857136	4.454265619
139	774.6664679	39.45313474	23.52179345	0.00821485	325.2480142	0.026437077	313.1084161	23.05644762	112.2769255	36.79059686	185.2209641	0.123355553	0	0	0	110.3175942	27.61686437	1.403851215	0	0	0.859584948	0	29.18196504
140	0	0.004876975	2.029735719	0.013388444	0	0	0.023630389	1.815602634	0.497767792	0.284770036	1.532141715	0	0.228427617	0	4.247786505	0.359682679	1.259809792	3.808466051	0.932348618	0.002773693	0.02802945	0	0.005742597
141	164.057442	5.368048765	0	0.082976693	46.84437276	0	49.29368661	8.031059719	27.71295372	8.078523668	39.30878541	0	0	0	0	45.9085483	0	9.230342539	0	0.45161496	0.123642817	0	0.071881208
142	170.6726893	23.89355181	0.507351257	0.009140576	163.8074698	0	169.0045742	19.96115024	142.6830963	19.24130345	85.02710436	0.011816914	4.182523872	0	0	129.1906914	0	22.43509153	0.012748327	0.128024935	0.620421575	0	20.46461231
143	476.0459651	1.695218458	11.51685824	7.082813165	1052.912851	0.026437077	1579.499167	229.369344	41.54261974	168.2623445	276.1442743	0.002289479	0	0	0	19.10652702	0	9.495296293	0	0.004452563	0	0	34.61192862
144	54.06813528	11.00198193	7.329588158	11.34764146	89.38954562	17.10223819	102.5368776	11.30086348	46.15943956	13.45964158	43.4015123	8.318660425	12.97667513	17.22688257	11.96787051	7.009378588	9.010727126	20.56418752	13.73572806	11.56440183	13.53007505	55.33830724	41.75119722
145	40.32665017	106.3544063	35.04442616	51.88421682	264.4790706	470.844276	242.3884722	99.50034389	168.0040345	77.7291702	198.5470511	3.896180984	14.44194055	33.75009319	26.65232393	210.7313375	17.15311231	56.49108763	5.203306393	2.990913959	45.69360567	0	102.0804267
146	34.40301185	1.101085257	1.559226821	0.10611414	24.29262762	0	24.31374411	1.044743322	62.39931612	2.084339248	36.40315041	0.006011865	0	0	0	11.08619857	0	9.51474663	0	0.003576652	0	0	0.020396414
147	0	0.519503424	0.049665103	0.079388907	0	0	0.00431509	1.090373633	0	0.340310268	0.005427865	0.185274732	0	0	0	0.012945783	0	0	0.545668861	0	0.835467932	0	5.124611277
148	57.33150946	32.8240108	23.63086636	1.613415504	30.391023	4.716187327	29.35591848	130.2475972	27.51377774	5.84366729	25.09232084	0.813458875	74.12096067	28.35457887	207.6375263	9.29055162	56.17195987	19.97543468	28.9072462	2.261613102	1.931108842	0	7.880063535
149	645.6989085	109.579648	5.324488624	1.499608397	408.3695622	0.004597763	597.0640696	96.65520074	382.4030687	48.28670726	214.9541064	0	0.054312535	0	3.31795754	248.9233579	0	68.03386032	0	0.243138112	0	0	47.78651352
150	80.55772998	13.51403164	22.00766246	25.46406611	67.14637526	17.77868979	74.48305649	23.53595746	65.00063015	53.31152723	35.25649293	9.615351348	18.27157699	13.21565789	36.51871246	26.41094498	23.8793494	46.42954038	44.0311613	12.61445989	20.28175415	0.042856822	18.37390989
151	1.113948588	93.31117138	26.91692202	30.72508138	3.899410887	2.053744709	2.51837041	3.597531567	8.835793315	1.905088945	19.09770883	3.660046167	18.47480673	26.54361845	47.16044031	38.36245074	1.077192054	15.2968802	49.14826028	33.08694618	59.29482962	0	10.26083276
152	0	0.691802408	1.542859803	0.234924249	2.417725765	0.001494246	1.998526234	2.494311931	1.669818769	0	2.172434301	0.285361611	0.531888551	0	3.385892355	3.370958368	0	1.614547573	1.320925988	0	1.643521	0.015714297	0.689211553
153	18.2747061	7.198343002	2.068905848	1.346214546	32.93677126	0	43.19140013	14.49294275	13.54873999	11.01130016	11.48093373	0.576378072	0.458369649	0.096891958	0.18183561	11.60645787	0.76660891	7.088451654	0.266906458	1.24006033	1.256357564	13.39153898	4.691370711
154	0	0.572091037	0.097846223	0.220413674	0.04014855	0	2.760625841	0	0.459608721	0.269833269	0.176682529	0.175850209	0	0	0	0	0.004339604	2.359533288	4.439761467	0	0.204446237	0	8.09507774
155	0	4.058318276	1.781005879	2.480716734	1.278413723	10.90065536	0	0.632313092	2.880409645	4.663989525	2.833729809	1.310343456	4.93088785	39.49133481	1.474929095	1.376045566	0.009433919	3.155821103	5.060623384	3.501847346	16.81197528	1.23856854	4.261063603
156	0	65.4571739	41.6234375	56.65459623	18.94536785	32.97924485	6.433843614	31.04975364	56.97906055	6.345083084	5.756371869	10.67688964	61.48488428	19.08813628	35.38558997	28.29439116	40.74010627	42.51949536	51.53421719	16.63860495	37.76448297	0	31.05118851
157	1.769042488	2.925759862	6.016569024	3.584472401	0.156184381	0.847349307	1.633350006	1.19282464	3.964181889	2.202966575	0.455837045	2.772477787	2.428468294	0.11986446	0.133059522	6.827458048	9.06304155	4.250189575	3.764799864	8.395500126	8.78681041	13.92561316	1.623809087
158	0	0.786184584	0.316707431	0.196774775	0	0	0	2.449989214	4.889021026	0.737201626	0.922076705	0	0	0.804072417	0	0	0.051698911	7.283673642	3.494147662	4.085462363	4.561712484	0	42.35666295
159	0.083921565	15.12453284	10.24764917	8.169480261	11.54745311	1.190809938	7.667577249	213.8891227	12.70513056	66.42227099	13.79262721	9.402699731	5.415587164	4.338553875	8.328320493	17.06030045	33.65957696	58.2510602	32.14172906	8.027258692	16.2322116	0.401427511	99.14708964
160	0.769805597	18.01784869	9.779121075	15.29781357	6.551079852	10.32912469	1.65323312	15.53959642	13.45689533	1.200015162	23.22534097	6.235911709	13.64261928	11.8275712	5.198074014	1.158088728	0.629622465	4.436003558	22.9844144	10.86351418	9.161425016	0.304280635	2.65377057
161	0.345109941	6.033581659	11.28767714	12.47250847	4.789427346	0.004482809	0	53.77532618	4.834128412	1.86686145	8.724119192	6.685533038	4.415979855	0	12.15280528	1.751015557	15.23982259	9.575807605	7.290003523	12.12838803	12.43124813	0	0.888123563
