1	10.744235
2	22.09478724
3	321.6210208
4	16.64884729
5	1935.201479
6	1148.120138
7	318.478799
8	106.052311
9	510.0813396
10	20.32185897
11	4538.991046
12	13.75323798
13	2425.680554
14	217.7617272
15	21.31255675
16	218.9158033
17	89.60068607
18	1135.293933
19	530.3981335
20	11.60650829
21	15.11459289
22	48.31289928
23	15.19815814
24	42.49782741
25	33.90854185
26	535.7827614
27	86.80594392
28	17.5814772
29	37.31588708
30	1237.156184
31	9177.359918
32	22.62509146
33	133.7136259
34	314.019133
35	437.9146743
36	267.7407888
37	12.0925165
38	379.2503375
39	1072.239215
40	3284.235489
41	216.4337119
42	14.03167905
43	974.3131867
44	4.456868898
45	67.5879307
46	13.26757452
47	393.7715656
48	44.30946814
49	97.68302989
50	64.88366132
51	16.66742886
52	18.54386568
53	29.66511957
54	25.41117138
55	6.165616203
56	10.41823708
57	171.4302952
58	58.91915912
59	58.99587921
60	21.68816978
61	139.7443318
62	26.99246182
63	31.32507211
64	16.59253631
65	817.4816647
66	88.23956549
67	45.94840622
68	97.02939896
69	447.6145479
70	92.31546536
71	360.0216463
72	31.14530202
73	93.00951267
74	331.0843447
75	1939.045683
76	281.8251718
77	2247.885466
78	5295.93686
79	818.7834717
80	338.3307439
81	2899.133023
82	416.3030749
83	49.96271254
84	409.5822139
85	26.73032883
86	1803.150148
87	38.51177638
88	53.69027623
89	4138.587476
90	183.9284292
91	77.94519325
92	16.71748672
93	11610.29035
94	659.9477137
95	174.4025802
96	756.7993492
97	87.6081271
98	118.3512664
99	1328.267122
100	51.83259142
101	212.2007839
102	91.34978305
103	8.41213334
104	5037.059721
105	17.28012062
106	647.9228093
107	194.0589782
108	9835.923
109	4719.84198
110	345.1713796
111	599.8609321
112	348.1087905
113	18.55930203
114	182.4215585
115	8.282139574
116	13.22104832
117	18.14764196
118	21.35717484
119	23.04874713
120	61.8011542
121	86.88656507
122	26.05680615
123	4.646460043
124	10.11185342
125	445.1279343
126	380.4544171
127	17.07503774
128	263.8099578
129	25.26232098
130	95.48720378
131	595.0445595
132	105.2173251
133	142.0062175
134	7.671472425
135	68.10609278
136	73.45098986
137	27.39812397
138	653.570348
139	559.6347831
140	24.5582079
141	16.54772888
142	66.10701896
143	9.160277762
144	21.81521667
145	18.24411695
146	29.61360061
147	21.33475082
148	12.05483904
149	204.7033855
150	14.10507421
151	395.6381026
152	71.79483122
153	22.77083572
154	28.30659504
155	83.04902879
156	438.2088306
157	187.0592932
158	12.64597482
159	298.694373
160	137.922284
161	19.44447612
162	29.93010894
163	393.1234511
164	6.614252509
165	52.66107689
166	19.46232551
167	262.8085775
168	82.49743428
169	33.44683221
170	460.0096029
171	69.55072395
172	16.88361737
173	459.3705381
174	16.56719599
175	48.0259129
176	139.2748932
177	2020.339327
178	16.93649086
179	9.117018877
180	98.24319728
181	8.908551164
182	383.0612119
183	106.053844
184	124.3420312
185	67.00924563
186	46.76894576
187	42.21678294
188	792.2524045
189	36.84623894
190	8362.288551
191	15.40803255
192	92.46718738
193	16.43893928
194	48.44610942
195	5267.741473
196	274.6088916
197	3.515112115
198	80.99986492
199	210.1913338
200	4533.908058
201	191.9423831
202	92.91123613
203	3466.953007
204	8.676013229
205	15.54382491
206	51.64103294
207	56.33557728
208	86.59482486
209	243.4082578
210	93.5353139
211	387.2639146
212	162.9187996
213	243.6605005
214	125.3630578
215	73.55800845
216	150.7395951
217	10.76683514
218	138.3505755
219	72.93354863
220	4.348941107
221	25.20303785
222	9.101161188
223	8.69890136
224	1494.305763
225	14.52025513
226	73.41170643
227	4.79850122
228	22.98219258
229	1822.014185
230	2308.149818
231	36.08351025
232	29.42735453
233	490.2704567
234	141.428644
235	15.00203046
236	12.48982331
237	10388.03123
238	61.40275529
239	217.1903236
240	68.32230989
241	33.95743123
242	278.1808222
243	16.45527256
244	308.5027329
245	489.3443473
246	177.8451002
247	5.810228378
248	2773.84053
249	4.093578948
250	21.8243194
251	42.30455978
252	9.44765425
253	55.47571769
254	10.23319877
255	224.547027
256	29.58277474
257	165.4581351
258	148.2879125
259	13.11478166
260	115.3270172
261	8.407302028
262	312.4524995
263	37.30993947
264	158.4224613
265	168.0836515
266	8962.420222
267	70.4016677
268	89.59925365
269	18.33818525
270	31.66676526
271	56.21530515
272	45.38600163
273	114.0328396
274	364.9197528
275	100.3685885
276	299.7702438
277	7.623841163
278	216.016679
279	1945.518804
280	12.58545616
281	28.84260472
282	1883.66674
283	11.61192289
284	101.5434264
285	611.4516464
286	454.5504216
287	42.70618828
288	7886.092193
289	409.7558423
290	411.3873405
291	21.62331457
292	5267.694585
293	7.165981269
294	5.157127328
295	242.5966898
296	437.1452806
297	10.57912504
298	13.70655219
299	241.3252476
300	44.61637486
301	85.07512829
302	170.2059521
303	198.6098814
304	1076.359373
305	280.4713279
306	573.2552275
307	8.732532802
308	238.1828119
309	46.66817965
310	133.1507052
311	327.1096376
312	28.4865918
313	195.3792191
314	19.97153628
315	6.787328787
316	111.7082404
317	28.11397271
318	43.82308141
319	18.32668535
320	2947.585258
321	20.94422774
322	12.01527664
323	12117.94539
324	25.94383276
325	7763.972248
326	607.833791
327	32.72734275
328	20.28901775
329	262.0187671
330	17.60224736
331	4.887907798
332	923.4585215
333	12.63242373
334	13.08373168
335	264.9416398
336	10.74173048
337	14.90583928
338	96.12663648
339	27.22990284
340	391.2004498
341	5.311140732
342	319.7728118
343	488.893271
344	125.5332669
345	388.1056494
346	276.0791648
347	26.76307736
348	17478.14564
349	187.5914373
350	62.7546875
351	616.0957235
352	44.52165409
353	22.40684859
354	297.3542162
355	122.2593141
356	15.79395952
357	345.1359814
358	792.8512873
359	6.768979235
360	744.7742002
361	10.33850341
362	20.53269856
363	573.6463176
364	3.928660473
365	10.18850108
366	6.682825624
367	16.19541233
368	15.43171438
369	146.6985292
370	15.17015534
371	13.73659599
372	41.00915539
373	2.708641993
374	37.90926885
375	9116.674392
376	348.9025998
377	35.59674022
378	196.0477382
379	13.6018949
380	14.72490782
381	20.52510491
382	628.0406815
383	81.26725901
384	918.0224791
385	7.929425728
386	124.685259
387	11.81520376
388	3.751282949
389	24.86674344
390	23.3446173
391	1132.15121
392	6.77668278
393	28.11928425
394	79.06118962
395	14.44424591
396	32.66376393
397	10.80558704
398	10.5949733
399	4255.796399
400	89.83852158
401	10.81398033
402	236.1351207
403	125.3109437
404	191.9719939
405	1234.841312
406	75.93103964
407	20.49640288
408	21.65542661
409	4036.430692
410	96.88881184
411	1156.813644
412	25.78610834
413	10.49747881
414	1305.477004
415	24.23500243
416	5135.507838
417	575.4533742
418	18.66101906
419	40.66450557
420	51.28033369
421	41.69053434
422	27.95271373
423	246.271589
424	70.49121711
425	164.907335
426	1157.232625
427	70.34302342
428	12.57253314
429	16.3321486
430	211.2148732
431	115.9141217
432	205.6096122
433	7.027494673
434	441.9005895
435	7.905938062
436	51.08175979
437	8002.61479
438	11.98596801
439	23.74579306
440	149.3986543
441	5620.453994
442	127.7355428
443	1505.448039
444	2.770472888
445	556.9267569
446	515.4872027
447	135.5923959
448	48.93661716
449	8.434874182
450	202.4492561
451	313.2302692
452	84.61698111
453	108.1291054
454	140.540597
455	3.034400379
456	25.09172222
457	2397.760361
458	24.95714972
459	5363.4372
460	1120.73105
461	3.900272217
462	34.3893867
463	441.0048109
464	44.96471016
465	1961.960801
466	8.353897982
467	15.04379369
468	543.923946
469	157.1737661
470	763.1449829
471	11.13599083
472	15.87747831
473	71.99773897
474	113.709418
475	102.4990755
476	6.714925465
477	577.0327019
478	43.77493033
479	259.8916347
480	28.85121323
481	32.36541213
482	1498.256342
483	247.609295
484	14.8278152
485	9.719004464
486	31.867553
487	794.7203184
488	450.3805458
489	15.98508028
490	236.6369111
491	11.99552131
492	20.8510013
493	915.3236717
494	6.199378707
495	35.63102651
496	17.26446055
497	25.03368325
498	195.384424
499	15.24296718
500	12.70263006
501	471.1925779
502	12.69818111
503	14.61683336
504	34.59261182
505	21.92466999
506	79.68108191
507	32.29662574
508	2591.601205
509	11.14541251
510	17.53933245
511	12.81144157
512	74.5068251
513	99.22415511
514	193.1962311
515	661.8816941
516	16.31493562
517	4.431621524
518	42.94621317
519	7.20321789
520	331.9087607
521	23.46442356
522	22.44753254
