1	4.872184408
2	23.38460308
3	26.41292251
4	193.1599772
5	3989.865169
6	53.21964861
7	1784.613941
8	44.22693487
9	82.9116614
10	26.9238589
11	907.0399616
12	30.34226562
13	73.10596198
14	60.64349611
15	12.01870358
16	133.5596277
17	2637.278954
18	1393.358139
19	861.4587391
20	159.5346364
21	1454.899429
22	2985.731104
23	32.66449377
24	33.71862306
25	23.49623112
26	26.36096779
27	109.3567651
28	12.37331355
29	58.98475492
30	82.81441868
31	19.41137259
32	21.75934628
33	76.4604343
34	5551.253657
35	211.8047471
36	79.33688539
37	12.20057862
38	552.0522552
39	10553.57544
40	16.7439792
41	620.4619299
42	14.91304029
43	360.063401
44	28.80995339
45	113.982438
46	18.98239767
47	141.8654708
48	1134.906101
49	259.2776033
50	889.9578222
51	18.84768096
52	32.21701547
53	41.52861367
54	52.52248298
55	8.571628691
56	366.165883
57	5513.790278
58	172.6730315
59	6414.906541
60	1749.786143
61	3048.871233
62	1509.776445
63	30950.32751
64	377.5397731
65	4282.933369
66	6507.212063
67	72.95235312
68	1523.493213
69	308.3936468
70	76.23824701
71	117.1398876
72	66.10168276
73	624.5662045
74	42.18974701
75	14223.15516
76	78.86266197
77	93.2676663
78	161.3344231
79	1315.229715
80	2349.595156
81	1002.723527
82	51.31081795
83	1421.6131
84	146.9688776
85	228.3870623
86	36.801049
87	18.38716012
88	32.48553108
89	111.9872056
90	66.03630917
91	26.19487356
92	15.47840391
93	99.31070429
94	3371.628895
95	132.5505719
96	276.20651
97	38.2153575
98	701.0986434
99	4943.303284
100	16.89038862
101	259.6191632
102	90.20058102
103	687.7634179
104	69.45698718
105	22.00857195
106	705.6011675
107	8.05889839
108	189.639752
109	72.14957289
110	4526.24129
111	4490.947531
112	163.4447696
113	13.49794899
114	56.78650106
115	36.03732383
116	12.77212168
117	23.20574621
118	8.710620771
119	67.41087913
120	210.180427
121	19.05023187
122	7.792685483
123	451.2500358
124	473.9150298
125	210.5699575
126	99.79101855
127	3085.840231
128	102.2341069
129	0.758567527
130	145.4750722
131	2002.179445
132	558.9934716
133	1178.503785
134	5239.88349
135	53.12239382
136	109.1988225
137	20.18679185
138	149.4195584
139	51.3593367
140	257.4524083
141	5.355044803
142	153.9609051
143	8.796010004
144	93.53462038
145	38.03034172
146	67.25193329
147	4059.440795
148	12.49357301
149	42.00016699
150	15.8711173
151	11302.3948
152	3956.496269
153	20.93152388
154	157.0218318
155	387.4036234
156	2918.819703
157	64.12271586
158	48.42702155
159	26.90915848
160	93.76432338
161	5.419912679
162	1970.12216
163	2253.07628
164	6.024269222
165	57.82502739
166	632.4755841
167	104.1710485
168	28.44840466
169	38.1781776
170	236.2697561
171	299.290358
172	1538.10279
173	37.70324907
174	138.2117037
175	14.70793626
176	536.6914932
177	468.0738156
178	6496.243408
179	35.5318796
180	1121.590168
181	13.01751849
182	237.420847
183	357.6021098
184	19.31544328
185	73.20980687
186	58.64760753
187	31.56870199
188	115.7021417
189	2091.702661
190	49.08029322
191	11.26463001
192	40.87114944
193	45.53321991
194	12.50084037
195	126.2864186
196	101.0667448
197	55.64683088
198	88.29115522
199	98.25529772
200	137.2036108
201	125.0983352
202	120.9633626
203	38.40731991
204	10.72101379
205	16.51972226
206	8.549571152
207	62.75049101
208	1056.886238
209	45.83078441
210	64.02824977
211	222.4014754
212	48.59895914
213	4194.211448
214	18.05689621
215	57.27849364
216	290.6920702
217	236.3498633
218	24.30648198
219	57.36368731
220	3.475112044
221	53.2689152
222	12.62902183
223	11.2653381
224	70.79123977
225	21.45038814
226	86.47333389
227	2.979127268
228	560.4038043
229	33.94734448
230	1945.433337
231	14.74706676
232	4.701007424
233	155.0751578
234	138.6725511
235	10.11500312
236	64.6589982
237	9.611149339
238	8.386579586
239	128.6984558
240	82.17563279
241	26.34630303
242	81.98912286
243	20.75077043
244	54.11520645
245	3772.369126
246	109.8186109
247	1074.504512
248	94.43877672
249	12.15568636
250	41.34339654
251	137.8269375
252	294.1705912
253	279.1068543
254	8.30653615
255	125.1233721
256	30.84139727
257	128.2673018
258	20.58127818
259	382.9194372
260	190.5740318
261	6.159261216
262	20536.85787
263	4019.777684
264	8.554973126
265	92.78571972
266	142.2968228
267	1231.557711
268	2407.546497
269	10.65230466
270	8.556203816
271	21.814318
272	89.09515062
273	387.9719904
274	2781.903216
275	44.282995
276	62.52092002
277	4.531899492
278	2221.900378
279	366.1434094
280	12.94335151
281	9.284199738
282	2410.484546
283	22.53916948
284	55.86616787
285	143.5066148
286	7799.647099
287	34.55584304
288	2798.258545
289	166.1778128
290	24.00174244
291	15.52250872
292	43.42734643
293	4.64920776
294	7.023482621
295	151.8311567
296	106.7559176
297	9.637544809
298	11.31192453
299	37.00213293
300	9.447726589
301	5.35636677
302	61.79015112
303	65.02829076
304	224.2019093
305	47.2591819
306	7308.577846
307	215.1741661
308	78.2599751
309	23356.30643
310	218.7467931
311	57.6156067
312	16.8510481
313	21.31678215
314	67.56872756
315	394.9475489
316	31.18408975
317	291.7908682
318	48.5118084
319	6.369784788
320	114.6747087
321	946.6004764
322	12.82463268
323	112.0607213
324	67.02300291
325	601.1020453
326	32.7996725
327	7.145470373
328	54.01241952
329	444.6270407
330	130.2198315
331	195.7507332
332	23.10683533
333	11.22679921
334	2.772555856
335	125.2511774
336	15.15488638
337	7.654391457
338	23.80513621
339	10.86423794
340	321.8834531
341	6.625392634
342	22.58563747
343	3929.353984
344	1130.6098
345	2899.726139
346	2133.559627
347	29.81710869
348	122.1899811
349	95.08035664
350	21.23223044
351	167.4361623
352	1844.921425
353	247.6648431
354	366.9910132
355	22.41174764
356	17.6608551
357	3147.592954
358	33.09868234
359	11.95985661
360	124.3434718
361	6.557717872
362	19.68892684
363	17.42986379
364	7.978826221
365	249.2072515
366	7.139098203
367	15.18946538
368	469.3198548
369	2205.779288
370	7.932018996
371	8.220089782
372	20.24691855
373	3.537000212
374	57.63014286
375	35.5352843
376	142.7074755
377	8.194297426
378	24.7275648
379	14.59353766
380	36.58022188
381	15.76945271
382	188.6396292
383	32.68914412
384	562.838958
385	6.045929382
386	122.1858671
387	813.7897771
388	10.57243953
389	22.47364617
390	16.05671329
391	259.7420759
392	14.50853995
393	647.1074354
394	5086.100024
395	30.87091818
396	34.5707663
397	21.42126529
398	11.88490948
399	98.82686845
400	211.9393609
401	76.72712856
402	103.9210768
403	89.83062765
404	77.23080779
405	146.2605667
406	29.80079173
407	826.8557439
408	1333.258674
409	51.69649463
410	18.24345684
411	96.69210326
412	420.5800847
413	29.73319865
414	39.5414463
415	12.32264713
416	130.5735306
417	1037.512659
418	2481.685967
419	106.6270408
420	25.18446444
421	113.6596094
422	43.11555986
423	3515.825678
424	34.67367816
425	145.7209604
426	853.6151668
427	75.52316136
428	11.84870047
429	16.43308988
430	7545.527873
431	105.5402507
432	138.8702312
433	7.668039292
434	7507.176097
435	6.084883035
436	29.75143595
437	137.3301011
438	19.0610534
439	27.6285163
440	2742.909524
441	228.1768122
442	83.9411784
443	77.55169941
444	4.751056832
445	153.5290423
446	801.5218011
447	358.4664294
448	1.786805461
449	52.24193196
450	4650.121848
451	1981.204438
452	53.05335639
453	1056.080519
454	53.33653667
455	4.248305374
456	398.8444411
457	212.573622
458	50.70004672
459	40.31588104
460	217.0461442
461	26.61872738
462	1251.448838
463	182.6270057
464	14.96016422
465	120.7564143
466	4.304290172
467	14.61020736
468	178.261254
469	55.65274077
470	122.3968151
471	21.16569802
472	12.2359858
473	77.88602952
474	487.1255361
475	60.11520175
476	667.192622
477	23.225842
478	979.6564849
479	8826.486407
480	48.90501431
481	708.1258587
482	186.0239287
483	17.5240948
484	1646.191207
485	8.691520443
486	47.4835514
487	396.8599394
488	30.04309979
489	29.29706627
490	317.7853076
491	928.15125
492	27.32785335
493	126.8179678
494	34.88330592
495	33.4402678
496	22.62901303
497	143.9588074
498	85.15990882
499	12.31353089
500	5.677166893
501	54.24689175
502	9.056114065
503	15.10114829
504	20.96596084
505	37.60366073
506	7.339096499
507	20.43299213
508	129.4706451
509	132.7650466
510	28.44004811
511	26.83408716
512	25.50635842
513	773.9507313
514	71.90536722
515	124.3001947
516	2.420046884
517	1.83777562
518	36.16594047
519	39.91834899
520	280.7699313
521	23.83651935
522	96.00867374
