1	7.951360487
2	56.25188749
3	48.97221651
4	13.6929629
5	13644.1723
6	54.96648703
7	4464.262133
8	45.56049098
9	143.0178779
10	1841.269508
11	181.9571
12	6.621226619
13	788.5397751
14	76.54456664
15	39.33257003
16	123.600429
17	85.2400852
18	278.7681406
19	238.5980956
20	13.10943681
21	4583.500675
22	175.4574354
23	333.3962724
24	108.7218916
25	36.11978652
26	52.25820981
27	106.0706443
28	10.99877982
29	51.60165293
30	60.73069122
31	7.014183016
32	17.14187893
33	78.00838097
34	5560.455558
35	55.79800075
36	67.04718628
37	15.68206397
38	5455.337361
39	230.7650134
40	15.52409402
41	323.5873864
42	15.02182134
43	312.9311159
44	9.848570784
45	390.5390601
46	25.72341908
47	99.33436102
48	1418.001252
49	799.6447121
50	4989.998907
51	41.54578326
52	12.5219856
53	187.3573662
54	50.41398411
55	207.1228817
56	12.30972478
57	166.9319287
58	166.0197886
59	114.8422294
60	2820.01871
61	114.3667988
62	11.31047112
63	2604.46642
64	244.4793596
65	1968.542066
66	100.2336827
67	651.3648029
68	152.3193862
69	378.8110795
70	63.12794941
71	122.7713689
72	79.25178432
73	2191.941547
74	17.97363923
75	328.1949289
76	89.41070681
77	201.3638474
78	98.83889476
79	224.9858071
80	165.9539997
81	29.85115497
82	49.35527967
83	48.57029757
84	149.914948
85	315.2176797
86	153.7017175
87	22.32433652
88	23.92868112
89	90.85495783
90	62.22720273
91	691.3037154
92	388.0381883
93	1453.500603
94	90.8542014
95	74.30949816
96	188.3816952
97	31.47187386
98	552.3052303
99	1146.591678
100	29.86059304
101	259.243454
102	94.71792103
103	1705.45606
104	31.65121441
105	16.0113349
106	162.091307
107	9.476286725
108	124.5658582
109	68.04622904
110	350.482739
111	764.4811798
112	135.9847653
113	14.7839247
114	37.23265829
115	346.9958858
116	18.97174653
117	12.70746733
118	9.74632817
119	23.49923645
120	156.08054
121	5.093941607
122	13.43483203
123	27.13104189
124	8959.873277
125	181.8142129
126	1452.251166
127	314.6462296
128	69.27115976
129	2.022563272
130	159.5970517
131	78.64035879
132	1137.937654
133	3760.306028
134	437.0461122
135	46.37300953
136	1233.715268
137	24.84089345
138	139.386735
139	27.25115703
140	22.86410106
141	11.29862608
142	761.03216
143	9.70690203
144	687.8844582
145	28.52989192
146	214.3427639
147	254.880064
148	14.31666435
149	65.31852439
150	15.94992913
151	163.1981892
152	16.90510228
153	11.75346746
154	1496.816
155	5315.265079
156	168.4971354
157	72.0058534
158	115.5505074
159	17.36373676
160	60.50454252
161	11.29730888
162	9212.241151
163	1182.186949
164	7.182118842
165	36.29552204
166	3167.902414
167	59.8115536
168	14.58676995
169	96.61739385
170	170.0857145
171	266.5013357
172	21.95980512
173	116.2735817
174	17.52701962
175	14.93885569
176	490.424434
177	281.0119542
178	13.18836854
179	14.68073282
180	3919.367365
181	15.08601415
182	203.312067
183	1045.041824
184	38.87513434
185	51.91551646
186	58.11820163
187	32.22402237
188	96.62991012
189	24.47191439
190	315.0175529
191	19.3314478
192	53.40511981
193	519.5115003
194	44.3949005
195	92.82935445
196	101.1502198
197	14.5008585
198	45.65742898
199	212.7516179
200	991.9681697
201	256.3156774
202	1401.079575
203	36.19137437
204	41.65766393
205	31.01207332
206	7.575081726
207	18.86233643
208	1142.352389
209	29.34004788
210	62.1654919
211	880.9211063
212	182.3163119
213	3004.448975
214	10.88453313
215	161.857003
216	125.8231332
217	98.02418421
218	31.33678222
219	84.21537991
220	2.442423079
221	29.03365269
222	10.60327972
223	7.247773205
224	82.41009583
225	16.57744727
226	1153.718547
227	1.064159643
228	12.06520012
229	23.11613842
230	437.1733508
231	19.66810706
232	8.494154594
233	702.0291957
234	98.36835876
235	9.44203317
236	51.03653105
237	6.401562035
238	7.19407517
239	95.37711154
240	136.87295
241	24.82219085
242	69.54165218
243	17.49904782
244	102.784423
245	3576.179245
246	114.2614669
247	7.285721879
248	489.3080097
249	6.432515224
250	6.633607497
251	11.49352112
252	3713.557866
253	774.9294257
254	12.91531933
255	239.7846459
256	61.93696691
257	217.6585736
258	22.41022369
259	6.900538825
260	198.8629383
261	4.485992218
262	338.8974249
263	12.5901686
264	10.54848621
265	105.0542732
266	45.93797103
267	6076.582495
268	43.55770236
269	19.79170172
270	7.622591789
271	19.54166867
272	93.75421468
273	627.6075867
274	1273.463059
275	98.08944243
276	83.58872184
277	2.491129956
278	33.9871692
279	294.5506048
280	9.762406535
281	7.664565106
282	1054.288345
283	11.32827552
284	36.13968537
285	93.50347161
286	5078.293455
287	22.74633599
288	1929.656915
289	115.0222464
290	102.9419725
291	21.28655105
292	104.5999421
293	7.819073969
294	4.751833847
295	99.74347628
296	114.1247729
297	9.60888568
298	10.87526239
299	26.68511703
300	6.245979354
301	24.93153862
302	53.17243141
303	41.2903796
304	270.2038954
305	44.14759366
306	3089.346164
307	6.759088639
308	85.54718583
309	316.7767691
310	603.6863585
311	64.45522652
312	11.51825528
313	31.7588928
314	852.0801094
315	53.4640133
316	44.41590756
317	541.4074958
318	41.8287759
319	11.37053999
320	155.3040258
321	2191.478522
322	12.5287015
323	127.317149
324	110.0952748
325	1832.781159
326	34.01455014
327	8.165451989
328	11.76696799
329	541.5412754
330	120.265675
331	7.239320879
332	25.60814698
333	15.05384266
334	2.140728959
335	175.8754876
336	2418.052513
337	7.33322736
338	9.464931333
339	12.49592782
340	171.9329356
341	14.13313291
342	19.84503831
343	243.058639
344	119.3129296
345	38944.01868
346	2609.874357
347	30.49050205
348	31.97803261
349	70.5034722
350	7.818215887
351	268.5081463
352	631.8453475
353	83.19369257
354	95.31275979
355	22.27069193
356	14.37732844
357	15650.12064
358	30.83325447
359	30.55010836
360	79.70267094
361	4.93466715
362	32.50574568
363	49.44515642
364	5.97286223
365	91.56365214
366	7.877966901
367	15.36265788
368	1653.078338
369	198.7422467
370	6.387053062
371	8.11603997
372	50.27542876
373	3.540709893
374	198.6785267
375	33.05027296
376	11.36968834
377	120.6493256
378	7.681017154
379	86.58027686
380	15.82068937
381	301.5136307
382	114.1939024
383	20.55062936
384	80.09674175
385	10.55544651
386	114.2409952
387	55.0450855
388	3.190692616
389	126.8741645
390	13.38044445
391	249.271088
392	9.864099442
393	26.2500019
394	10066.60469
395	31.4082709
396	292.5202514
397	137.0428414
398	8.822055734
399	93.57509016
400	3754.147483
401	36.42488944
402	88.71604457
403	103.3752118
404	36.07946691
405	156.9681652
406	25.25504861
407	619.1628375
408	37.79124289
409	26.30209546
410	9.600273699
411	68.65638518
412	2646.756425
413	6.062575043
414	27.2457713
415	21.36443032
416	41.20902217
417	735.0103013
418	591.6261482
419	54.98818208
420	30.59695762
421	433.0934113
422	14.49580783
423	147.1485549
424	9.041316875
425	144.2292522
426	2527.65046
427	57.31550918
428	98.84973377
429	164.9509697
430	78.8723585
431	205.7970663
432	143.0161359
433	9.800628668
434	645.6886884
435	6.720861612
436	33.18258928
437	103.9204555
438	24.06055832
439	17.33796088
440	116.4299735
441	146.1531348
442	31.73696814
443	121.9743848
444	4.375489179
445	188.0291943
446	131.7093126
447	2483.002598
448	3.699265138
449	466.0589582
450	4564.069594
451	328.7462744
452	52.92098872
453	42.48673066
454	44.17497653
455	4.125782205
456	82.36571476
457	76.35053504
458	34.0400967
459	57.81514413
460	175.9842183
461	9.739377312
462	524.564052
463	688.7351586
464	5.382915835
465	25.9443561
466	5.310285765
467	12.90257104
468	315.8607585
469	24.98661146
470	108.830925
471	19.98621302
472	8.991936007
473	55.85317965
474	793.699493
475	34.35052469
476	646.6061428
477	26.25281018
478	354.6259629
479	347.1638911
480	48.17879865
481	37.89907656
482	158.639318
483	10.59143865
484	20.73872674
485	936.6552461
486	241.1663751
487	358.1005731
488	30.40539832
489	13.33976249
490	603.8863807
491	2158.627387
492	27.33242059
493	152.1388719
494	14.40413982
495	27.7197468
496	15.60070061
497	91.99909893
498	64.00962037
499	36.31423107
500	4.993003471
501	96.13395165
502	6.408970503
503	12.12418525
504	43.06693373
505	924.7365315
506	462.8123954
507	28.65180995
508	88.97247865
509	11.93775629
510	20.27568968
511	18.46666377
512	14.89516342
513	65.65921306
514	10.28530289
515	297.4815667
516	8.519318271
517	2.372973625
518	26.84363388
519	70.82485981
520	13.50584518
521	26.20331776
522	31.35256239
