1	6.202495893
2	20.30942573
3	190.8790244
4	16.37526833
5	512.9313823
6	58.3112027
7	106.301336
8	54.79707074
9	664.8839501
10	8655.680002
11	536.1118999
12	9.800855372
13	1979.301155
14	98.2326067
15	16.91869965
16	126.1078201
17	2415.197908
18	865.7405246
19	1000.826958
20	11.82068745
21	2044.034835
22	54.80800174
23	440.2370047
24	976.7071792
25	1484.961048
26	183.2808703
27	219.3440174
28	10.41544387
29	96.50450872
30	52.1091524
31	86.58724759
32	18.15622799
33	88.02675109
34	2261.391134
35	53.33648066
36	57.98412082
37	21.37855994
38	42.84587819
39	159.952492
40	34.13408456
41	350.5910579
42	280.0017084
43	264.8782577
44	11.75864418
45	1567.219569
46	20.1092024
47	85.67243058
48	395.0230177
49	1337.368233
50	4237.561451
51	56.84374943
52	14.00907196
53	126.178855
54	120.1766089
55	5.674857963
56	11.12331494
57	87.08769892
58	105.0702474
59	67.76049878
60	40.68134871
61	115.5525527
62	18.85113165
63	33.117333
64	37.98614378
65	3000.888772
66	102.8425968
67	36.20654238
68	126.7672449
69	196.775837
70	68.90758909
71	2908.726283
72	83.4012701
73	489.987509
74	29.59035049
75	165.2353496
76	93.85626167
77	576.4469199
78	164.9026221
79	312.0225877
80	198.2817057
81	526.834127
82	2785.253606
83	91.10615096
84	222.357789
85	84.17376676
86	31.15232509
87	828.4298346
88	35.27406041
89	136.4091916
90	79.14901833
91	2187.807203
92	1494.400184
93	4508.112105
94	237.7018615
95	79.18206065
96	225.2808846
97	31.97464945
98	3343.906153
99	298.5733076
100	24.75213495
101	312.9288878
102	90.96996824
103	806.3047213
104	66.10288756
105	20.48373388
106	189.6644237
107	9.096324111
108	174.974517
109	158.7986952
110	148.4294518
111	1398.4001
112	203.576442
113	14.49443263
114	35.69766875
115	1040.419935
116	14.74858062
117	9.440421022
118	10.5027912
119	21.06647043
120	242.1017704
121	6.650645086
122	12.41773777
123	3702.502521
124	12.16796964
125	200.9927361
126	3334.89402
127	291.0641772
128	86.56595204
129	2.691185739
130	481.4264713
131	93.13451585
132	2802.254283
133	6165.953009
134	103.5590934
135	58.76829357
136	275.8747733
137	33.83180651
138	135.1465191
139	35.1557773
140	360.9106341
141	5.032005451
142	212.0416867
143	9.396148118
144	24.56893179
145	27.09459243
146	2331.948628
147	63.6732263
148	18.619765
149	88.12615549
150	16.93731154
151	500.9300164
152	38.41873667
153	10.31783604
154	175.8826199
155	32.93471403
156	265.0825127
157	82.78141165
158	408.3528365
159	14.61246054
160	89.88376184
161	8.024895821
162	761.5963848
163	96.6530619
164	63.04081707
165	50.3687963
166	100.3959971
167	108.489886
168	5.019653713
169	40.17793365
170	300.9545855
171	46.95962914
172	66.42778065
173	1471.477094
174	19.65506451
175	18.85006161
176	404.8953793
177	683.9617628
178	12.4947299
179	16.87392513
180	466.5929482
181	28.96336488
182	1815.513906
183	1319.424101
184	379.6236682
185	25.10456886
186	63.80169822
187	32.43586908
188	85.66933558
189	40.95675962
190	117.871065
191	29.15950369
192	39.85052889
193	515.249292
194	95.87273144
195	2428.861545
196	108.383093
197	43.1055926
198	622.2119019
199	12.66527557
200	287.6388369
201	402.4458452
202	29800.42108
203	47.6563456
204	826.5409485
205	101.05938
206	15.24807194
207	69.27835254
208	566.9712028
209	3422.450435
210	76.15295297
211	9800.634834
212	964.2419055
213	203.421307
214	7.43265118
215	52.74025927
216	247.2516889
217	455.2912189
218	39.70835546
219	44.09898382
220	4.179834102
221	19.38352568
222	11.13018839
223	8.506723418
224	112.449475
225	19.94743339
226	56.14456485
227	5.245664557
228	14.67922106
229	109.6660347
230	196.979149
231	19.81202335
232	14.04592183
233	1473.160908
234	71.26388228
235	11.82509864
236	17.31196185
237	43.51505491
238	6.627731906
239	132.0433731
240	61.71915165
241	36.90093477
242	67.13748264
243	13.20630847
244	877.1793038
245	7368.002228
246	129.5522336
247	8.365084929
248	1914.137567
249	7.017818913
250	8.28188422
251	23.39236935
252	3103.136582
253	815.4265044
254	10.68723722
255	36.75265198
256	1285.833086
257	72.1745748
258	641.2142131
259	13.85052231
260	183.2555042
261	5.362446048
262	269.4662793
263	307.8493777
264	13.10429637
265	108.1486375
266	70.0394246
267	2662.140929
268	42.42610973
269	20.50390251
270	7.929351943
271	19.50301241
272	92.02184739
273	61.10993853
274	1257.182131
275	37.42366918
276	103.5720427
277	3.424557859
278	25.41115885
279	321.9612928
280	11.52632712
281	8.872339575
282	1192.215763
283	11.47899088
284	41.02366335
285	51.3943268
286	163.3050166
287	15.74553195
288	2458.705658
289	124.1014103
290	143.5528595
291	18.84293691
292	176.3964323
293	44.79047534
294	5.116435124
295	128.8246048
296	129.0849772
297	11.38893073
298	13.64075973
299	90.24623781
300	12.58558886
301	20.05492885
302	81.02147756
303	100.1145382
304	305.4474128
305	78.91616578
306	858.7450615
307	7.92284356
308	103.0030242
309	38.76231871
310	239.5833162
311	80.75884433
312	12.54164279
313	11.47012114
314	1764.823942
315	880.456908
316	65.68769791
317	3344.118855
318	78.16252525
319	23.18626902
320	1048.681062
321	5975.189254
322	12.51621864
323	321.3564756
324	91.87551209
325	5218.063407
326	30.00087721
327	5.93274616
328	24.81417634
329	205.5255231
330	67.09972733
331	7.051783275
332	317.9668785
333	12.04202684
334	1.421006596
335	103.5658121
336	236.7362055
337	8.492607794
338	4.939369175
339	552.7124986
340	98.26125945
341	159.713285
342	15.57018571
343	95.85109514
344	446.4796965
345	335.4295326
346	11447.56145
347	31.92868262
348	128.6338935
349	52.17720971
350	23.55316735
351	8814.800982
352	47.46789206
353	250.0158171
354	300.7619354
355	24.85648896
356	31.52382891
357	12280.85608
358	56.94572009
359	1517.644033
360	89.57172242
361	34.65463899
362	636.6292677
363	77.85728222
364	14.82529394
365	1302.129171
366	11.17305851
367	14.37797149
368	856.4061947
369	91.30097224
370	8.728208573
371	11.91460935
372	42.26892867
373	4.071675747
374	686.8592062
375	175.5409499
376	20.95780349
377	2786.279688
378	51.7107481
379	172.1808803
380	765.8740271
381	14.23047428
382	146.7089795
383	38.03678229
384	253.4748335
385	10.28963858
386	153.2622842
387	14.01790012
388	4.556478651
389	25.63097887
390	13.97992365
391	647.7544918
392	13.39656756
393	59.35576681
394	1290.202807
395	47.06577352
396	45.53332862
397	417.6498993
398	9.49164333
399	230.8474814
400	80.46672814
401	24.45704984
402	142.7487889
403	117.086355
404	109.1297143
405	170.0696655
406	36.25887091
407	1154.310555
408	482.8617503
409	35.76573661
410	6.373268195
411	99.88281165
412	1499.926054
413	6.931516995
414	44.85995177
415	93.34350756
416	759.9791832
417	11.43917669
418	672.1035142
419	41.68337282
420	31.44891199
421	215.0882638
422	153.2877211
423	64.44174947
424	18.73599553
425	3614.28076
426	4038.448716
427	95.70491339
428	288.3451691
429	36.13230183
430	334.986335
431	128.5919034
432	11149.65069
433	6.788452669
434	1412.29406
435	6.128985193
436	136.5478618
437	7242.740165
438	20.42165917
439	18.41801556
440	279.3221994
441	544.8091055
442	54.8626275
443	99.63796028
444	3.198489691
445	155.1060459
446	111.9089299
447	166.4059352
448	3.335133412
449	11.98809147
450	1682.54452
451	623.8936693
452	34.30894984
453	40.69340961
454	35.63627466
455	4.661740608
456	20.71591309
457	107.9949811
458	16.94563165
459	116.3915428
460	263.011432
461	5.167103334
462	357.9772296
463	195.8463286
464	8.218778885
465	21.15804952
466	111.873397
467	12.89610083
468	273.2767975
469	18.65570294
470	161.4604075
471	16.29861436
472	16.10571842
473	64.53380501
474	4560.185304
475	570.6516022
476	1522.070253
477	23.45170307
478	66.84987758
479	233.4391136
480	237.9058901
481	17.83610862
482	188.0078881
483	10.1098504
484	17.76981387
485	35.07227527
486	14.52350675
487	543.6290931
488	28.30245079
489	6.845897848
490	1775.188919
491	24.23855513
492	40.72889444
493	123.0323791
494	18.36114786
495	35.69642216
496	14.29339998
497	105.6462644
498	62.96991111
499	14.06800259
500	6.105136566
501	91.50678971
502	7.244351309
503	215.8718015
504	97.78124023
505	1024.700138
506	3300.115435
507	187.5997533
508	136.159858
509	15.97840064
510	56.25300857
511	38.05970681
512	24.54237397
513	62.01375558
514	10.52648555
515	1341.516598
516	3.860059178
517	2.66873461
518	29.90974572
519	19.8606097
520	11.04393742
521	28.71444884
522	12.30022875
