1	13.68283856
2	21.8637228
3	512.636909
4	16.65373849
5	340.8201368
6	193.6093922
7	68.27758592
8	31.43526856
9	1957.53925
10	105.7345527
11	87.22742351
12	30.17685432
13	157.0365044
14	59.1404365
15	9.380755775
16	83.38527977
17	253.3068151
18	6314.770723
19	1172.693097
20	12.85527177
21	93.46925864
22	82.42753503
23	57.39670667
24	10.82390469
25	29.55398187
26	570.547141
27	612.7580118
28	10.34693112
29	411.6451897
30	478.0988813
31	33.00482498
32	19.02444933
33	818.2107999
34	539.9592883
35	31.50174882
36	74.64354417
37	34.61450761
38	51.53421812
39	283.6871924
40	10.05664906
41	107.0425872
42	837.2008291
43	298.7194597
44	18.27029466
45	151.4101449
46	11.54872001
47	100.49005
48	162.6593193
49	753.7180287
50	335.1748215
51	35.45497764
52	14.15699793
53	1655.267194
54	35.16192527
55	21.31213885
56	11.53343942
57	95.02050924
58	67.54459099
59	75.01179342
60	39.1384328
61	109.9231796
62	18.43517451
63	26.9167755
64	64.61571582
65	11202.80591
66	17238.65692
67	33.53994623
68	49.61858818
69	1065.420393
70	81.81890669
71	92.11909435
72	128.2007913
73	578.4832233
74	46.43838291
75	672.4665585
76	2499.533496
77	37.04952547
78	90.4860579
79	152.5357864
80	152.9052072
81	36.32319474
82	16.24955986
83	53.71078497
84	6247.906848
85	42.60499233
86	41.94230156
87	1823.542464
88	16099.47966
89	196.4705551
90	77.96041968
91	5340.892712
92	13.328498
93	2090.502205
94	1418.265485
95	250.8695535
96	461.7145711
97	252.9163802
98	81.07568775
99	164.1619074
100	29.30316525
101	283.2620394
102	623.8033823
103	93.83368418
104	1781.265844
105	1666.682281
106	226.6449338
107	67.34451995
108	149.4947867
109	364.2599841
110	163.1921911
111	110.1384066
112	959.5951565
113	20.09303314
114	1629.78438
115	98.13957615
116	13.26647127
117	27.0789387
118	237.0997067
119	27.05878945
120	189.912654
121	956.067675
122	24.7914552
123	33.99443636
124	344.721706
125	322.0390633
126	43.29669296
127	29.82523398
128	509.9159527
129	4.29075067
130	56.08638386
131	979.2239401
132	66.20219764
133	143.1492688
134	24.68882499
135	57.33259038
136	88.02552084
137	406.5670516
138	458.1363071
139	25.27012551
140	13.03890087
141	164.0262277
142	261.1619294
143	9.40235754
144	21.72047615
145	47.27814858
146	115.6437107
147	11514.68497
148	11.01469755
149	309.0786617
150	6980.778276
151	201.1109308
152	28.53859717
153	10.02644064
154	17.38441257
155	25.08008077
156	186.9242102
157	515.9159844
158	963.1701029
159	16.03380756
160	175.2851029
161	54.61125396
162	36.91521067
163	95.8119075
164	34.41652414
165	75.19081972
166	39.23336722
167	3153.504694
168	28.75548047
169	74.53481103
170	393.4296648
171	61.62409019
172	126.714319
173	636.0698166
174	43.07303297
175	21.21931052
176	494.2129873
177	198.0166857
178	10.01431702
179	29.85222409
180	155.2354783
181	734.2988939
182	348.0789413
183	174.2285945
184	63.86912529
185	104.9505198
186	155.7830488
187	31.97660478
188	759.7185652
189	33.20716288
190	2548.903709
191	20.02563485
192	40.33600095
193	23.76109791
194	13.78507742
195	1586.716996
196	1537.723722
197	12.81344642
198	168.922198
199	12.55432737
200	119.9451162
201	494.7560439
202	465.2336051
203	54.32604608
204	211.838797
205	73.96615142
206	147.0679625
207	226.7845957
208	140.2531417
209	32.22859594
210	31.98561018
211	397.2639649
212	88.1553815
213	112.657984
214	3.655442581
215	46.14200777
216	249.1822219
217	21.52230454
218	29.43502605
219	35.6643216
220	4.227180464
221	508.7800779
222	16.95386801
223	13.45361226
224	60.45334031
225	21760.60028
226	77.48575035
227	17.25032467
228	443.0770732
229	1204.171373
230	216.2351844
231	42.35493987
232	11.1673751
233	2138.331722
234	295.1646205
235	200.763896
236	15.93181405
237	311.6532884
238	15.90605862
239	13660.47953
240	15276.85279
241	11889.00904
242	1967.19369
243	3771.290343
244	99.60146076
245	391.7033029
246	200.3498771
247	8.440480409
248	245.8936654
249	15.68354842
250	14.84822972
251	68.37610587
252	222.5053519
253	26.91293797
254	11.76733746
255	177.6752993
256	29.9724331
257	54.07639831
258	184.8377232
259	30.97175272
260	133.7203845
261	12.554434
262	667.1972433
263	302.4006942
264	8.565645005
265	247.3486217
266	33.45486904
267	100.2893009
268	85.58316556
269	594.0469774
270	9.511607877
271	829.4466231
272	6172.262928
273	81.80415638
274	250.0432905
275	65.350782
276	38.68027919
277	7.691378335
278	42.04435301
279	18026.39249
280	13.59206642
281	12.25198156
282	851.30019
283	8.169496573
284	45.67953351
285	24.76130902
286	1159.340489
287	45.8168679
288	1625.377439
289	3056.935046
290	411.3943392
291	17.88167287
292	54.34410784
293	151.0455484
294	281.9844186
295	602.9726262
296	1172.82887
297	511.2935608
298	18.20868192
299	12957.39238
300	1485.991589
301	205.1777143
302	7278.146564
303	10475.7852
304	1700.856514
305	8790.503534
306	70.07148215
307	139.8539928
308	1596.837227
309	210.8261404
310	1722.578313
311	3604.565205
312	115.1927029
313	21.7148195
314	101.3950793
315	20.37949338
316	19.49828414
317	201.7195756
318	181.4780792
319	128.013785
320	1245.630394
321	672.9594285
322	24.18839952
323	1009.906661
324	162.8566162
325	243.1158973
326	271.972779
327	19.87971163
328	11.47152467
329	381.9911766
330	72.1721013
331	7.176074961
332	747.3149188
333	11.12538801
334	37.63679768
335	190.5710992
336	16.1160018
337	10.71480628
338	14.15214366
339	19.76334445
340	85.62849683
341	314.5412721
342	40.04773519
343	98.16379
344	149.937847
345	688.2490954
346	790.3716005
347	19.11115142
348	193.3316222
349	93.27967612
350	592.6171613
351	222.7095319
352	60.98475714
353	201.8229525
354	615.5214621
355	21.76048739
356	344.9584692
357	483.3850653
358	1482.733424
359	134.3635052
360	152.7729655
361	13911.17937
362	44.60257144
363	29.15508056
364	253.5462988
365	178.2578801
366	7.475615219
367	12.18029946
368	98.03373398
369	81.37480444
370	5.960532656
371	9.510068915
372	28.16743979
373	2.264192614
374	133.7653785
375	507.7460936
376	236.9914349
377	76.92819841
378	214.6448472
379	14.83438983
380	117.7115047
381	16.92537277
382	194.6949707
383	13.99767158
384	527.8700969
385	10.21122017
386	128.5338061
387	22.01108215
388	14.89875645
389	32.92518869
390	99.27421716
391	1203.06945
392	10.97872887
393	25.1394749
394	73.09936856
395	152.093623
396	1513.840196
397	855.4915686
398	6.727160344
399	65.36645851
400	37.90535113
401	21.69814253
402	26164.60132
403	70.81916153
404	1048.389642
405	148.4491223
406	1627.918557
407	2983.001501
408	31.06375629
409	3602.345527
410	8.39063172
411	4533.058778
412	69.39293926
413	91.19546276
414	54.56356691
415	212.7904928
416	1363.762146
417	15.51147933
418	228.5281547
419	7.23560514
420	26.14898837
421	20.43861955
422	16.00616409
423	147.0419785
424	36.27118978
425	663.0545505
426	84.58792101
427	91.27669248
428	20.59701131
429	53.29234769
430	300.3481477
431	38.11141231
432	1088.208915
433	587.6581174
434	1266.566015
435	11.24582219
436	248.3195373
437	5741.494585
438	64.18194259
439	1296.002366
440	98.8058291
441	457.6523281
442	98.34637628
443	115.1265171
444	17.19149842
445	2037.376281
446	114.1243297
447	170.4258874
448	3.639923264
449	10.14791696
450	11.74522644
451	70.73672817
452	31.85028897
453	73.09344194
454	89.68398839
455	4.588512766
456	49.70265419
457	411.7724421
458	8.399871249
459	106.9259138
460	995.6524365
461	2.161370142
462	27.10829
463	240.2635016
464	6.718345522
465	299.8706305
466	8.756230575
467	10.56909
468	4208.888552
469	415.1493446
470	104.9994128
471	20.22252914
472	181.4004368
473	56.85336746
474	138.3345347
475	31.8438018
476	5.825720142
477	138.8828404
478	49.63841616
479	123.7740746
480	20.06638784
481	86.12792797
482	227.5044918
483	12.50971798
484	195.89287
485	362.1020637
486	18.25984636
487	465.2204213
488	54.5480586
489	25.38745132
490	79.85743138
491	13.80468131
492	55.01920603
493	1307.778436
494	7.443654876
495	22.10779339
496	20.15779147
497	2894.462666
498	1564.533681
499	71.99864479
500	6.038374156
501	78.13378227
502	4.743273044
503	10.8839878
504	215.5413192
505	62.57962649
506	600.7634958
507	22.08322245
508	126.7365483
509	6.098592957
510	11.09709075
511	4781.948859
512	499.9477503
513	122.4353858
514	16.3475771
515	915.0156182
516	151.1023562
517	7.023083197
518	37.01330204
519	92.27882159
520	225.4077006
521	44.94117978
522	21.77015125
