1	7.406441697
2	30.04819243
3	922.1527467
4	18.44492663
5	557.8198203
6	21.23331069
7	47.43351387
8	57.38590645
9	595.2105488
10	35.1722477
11	250.2995803
12	12.00966261
13	132.0101224
14	85.31836726
15	44.47513375
16	436.4203479
17	52.73721382
18	2340.674986
19	1615.032254
20	8.439383107
21	14.8941249
22	22.63123607
23	25.18421938
24	13.27420938
25	41.82249473
26	794.9480224
27	51.01417813
28	12.65987353
29	45.14159359
30	449.1787857
31	35.51276327
32	10.89927471
33	4962.937555
34	755.8584033
35	78.52160611
36	64.9845649
37	8.910362721
38	26.70594032
39	1121.424012
40	19.16528476
41	42.06887765
42	12.50772288
43	155.551421
44	16.19041478
45	67.69994038
46	17.46905843
47	158.5148937
48	288.2644361
49	198.3433582
50	24.57422621
51	6.818438323
52	16.42178108
53	101.7397638
54	9.073509293
55	13.31038127
56	9.669430796
57	118.4029297
58	91.76959128
59	30.30478142
60	12.82579482
61	60.92923205
62	29.40136468
63	27.87853733
64	27.6569304
65	442.4757485
66	3143.971755
67	38.5055913
68	64.22389989
69	1162.572673
70	282.9223926
71	756.5516447
72	88.58205857
73	462.1524294
74	486.3438163
75	2693.556404
76	125.3243228
77	37.96319899
78	55.61361754
79	191.4053509
80	192.5532686
81	204.5100438
82	10.79075018
83	55.87769713
84	9578.936337
85	16.53368601
86	54.37437693
87	69.11006059
88	5318.708728
89	4188.175594
90	961.774233
91	414.3723032
92	11.69136762
93	4287.536344
94	205.305051
95	12009.36242
96	6370.192958
97	3066.253514
98	3710.379943
99	168.9573287
100	852.1721059
101	1734.374565
102	3148.85189
103	15.76945271
104	5489.202469
105	1507.773715
106	266.2959935
107	8.195551244
108	161.6033691
109	341.3861217
110	92.39233333
111	95.47693449
112	147.1712529
113	16.54639136
114	1571.924274
115	14.73210587
116	9.040054131
117	8.59290329
118	12.73061175
119	99.98686977
120	55.44751849
121	73.7311384
122	8.245074698
123	50.46125007
124	7.285693652
125	312.1882039
126	41.68602369
127	367.4048158
128	110.2519917
129	2.307902038
130	77.30955315
131	1711.865828
132	19.995556
133	89.98404196
134	4.799625554
135	46.6365232
136	61.77215124
137	135.3256446
138	243.2991012
139	67.24739132
140	7.370460489
141	7.582193721
142	114.0594238
143	10.6390921
144	32.27097928
145	25.87142267
146	36.16508067
147	1470.064999
148	606.1036832
149	81.23896111
150	963.2767736
151	152.9758784
152	14.33061258
153	8.95713845
154	30.02788375
155	41.21600403
156	151.5042347
157	253.8205315
158	20.88194891
159	181.8245372
160	190.1248095
161	111.2439257
162	18.92107732
163	112.6050172
164	6.332890006
165	53.08765217
166	19.29191355
167	252.1933458
168	6.171513508
169	41.85091261
170	2690.021108
171	27.7175438
172	30.99587635
173	631.2800075
174	1042.227242
175	15.6035437
176	2005.427058
177	138.142275
178	11.53252065
179	24.29954135
180	36.23835539
181	12.43682411
182	312.812165
183	83.26351882
184	63.19960659
185	385.6302551
186	292.8838925
187	96.20392388
188	1902.189462
189	455.2117491
190	5134.615329
191	20.50088961
192	104.0881916
193	8.45170015
194	25.23626149
195	2808.159439
196	140.8491762
197	313.0593206
198	129.667324
199	10.14786303
200	30.69853755
201	133.7448215
202	98.71765801
203	55.77947477
204	6.024967349
205	15.89364427
206	110.1171051
207	1471.268235
208	145.8719106
209	59.70898915
210	190.192431
211	240.3083941
212	57.00754952
213	116.5979064
214	5.639101241
215	71.89460431
216	141.1237411
217	6.482478073
218	39.04159069
219	238.0119755
220	6.212037366
221	132.9727705
222	9.261514296
223	5.19508538
224	104.2562884
225	1198.37505
226	77.95639785
227	1.244201526
228	969.236538
229	678.2573057
230	3012.768061
231	71.86055345
232	138.1919025
233	1499.931247
234	138.4573773
235	269.2219489
236	14.99403456
237	151.2654723
238	3.69898121
239	4034.52042
240	58.9177582
241	630.7749174
242	3724.329794
243	884.0128037
244	75.48182942
245	80.31784648
246	118.9595662
247	5.971548735
248	105.0214682
249	5.971548735
250	45.64822436
251	190.054614
252	12.81515335
253	11.06762282
254	6.91970575
255	182.147041
256	207.2614073
257	101.1491714
258	21.31200497
259	5.822857646
260	289.2721081
261	786.5967435
262	248.9097098
263	127.385545
264	13.99751273
265	142.1822906
266	41.51758679
267	48.71083673
268	59.255418
269	106.8888316
270	6.560415317
271	243.8532814
272	275.2312246
273	89.41077945
274	251.1017935
275	70.12950502
276	81.58442785
277	9.532387256
278	360.4452087
279	2988.605281
280	8.603842518
281	10.77863651
282	1148.814515
283	35.07363094
284	63.93112851
285	69.25499148
286	18085.9446
287	89.90011254
288	45.41225697
289	7704.627853
290	975.6549806
291	12.07805481
292	64.8769987
293	7.879203828
294	6.332890006
295	79.00529624
296	120.4987696
297	9.251047619
298	9.694581053
299	10026.23944
300	32.02053189
301	17.67634993
302	207.8812187
303	127.2371142
304	1939.944493
305	276.2455792
306	39.20610994
307	175.1856105
308	371.0335929
309	160.3048593
310	3282.260737
311	7786.120969
312	1154.223661
313	8.255798098
314	18.02258618
315	6.052620848
316	57.84876862
317	9.996682874
318	1225.59738
319	3.681017104
320	327.4987971
321	332.3730932
322	27.69750654
323	12009.36242
324	78.40840372
325	198.5520941
326	1298.433446
327	46.81934
328	9.822978292
329	219.4246857
330	63.61546587
331	6.382539853
332	1387.561664
333	20.0115018
334	25.30523597
335	78.59525306
336	10.71025113
337	8.220261044
338	6.171513508
339	12.67206304
340	141.2290524
341	6.159428432
342	126.6902267
343	114.8747346
344	168.1540221
345	395.4202673
346	8.750532337
347	31.49065027
348	220.8581711
349	111.3833723
350	40.41954215
351	216.3694922
352	85.70898291
353	110.942725
354	269.6240292
355	9.914966708
356	147.3280124
357	88.17850315
358	411.610723
359	33.47001344
360	137.6053305
361	679.6910465
362	48.05321317
363	31.0595517
364	3.210667699
365	124.1410057
366	9.107287855
367	20.72030953
368	77.75838355
369	96.79674591
370	11.48733325
371	15.01956589
372	49.69010165
373	4.818030863
374	119.891114
375	770.0178375
376	516.3687437
377	6.469992914
378	75.4038863
379	11.41545947
380	15.94453415
381	15.95742958
382	2312.349458
383	42.55469556
384	3186.537019
385	33.86467066
386	149.0261337
387	11.03474465
388	6.212037366
389	121.1522918
390	15.62904812
391	4353.539533
392	11.46263134
393	7.843078446
394	36.51263796
395	136.8549573
396	508.7385617
397	559.7419793
398	14.81798486
399	65.69416471
400	58.2388091
401	26.78347553
402	2130.073632
403	139.1010495
404	230.07536
405	214.8615441
406	135.8294143
407	4236.414392
408	59.60491785
409	4607.979618
410	3.949271467
411	1786.799569
412	22.22269743
413	35.43354856
414	23.42229647
415	327.8466714
416	2855.39049
417	13.66874699
418	19.66949919
419	566.9862725
420	42.47010982
421	34.34525827
422	18.95216894
423	1496.611591
424	22.22269743
425	98.76355416
426	64.4438491
427	588.7015627
428	14.31729413
429	49.53085908
430	222.8577454
431	134.9186388
432	78.96882194
433	6.547727883
434	1660.128114
435	6.409332909
436	63.79022174
437	7104.510327
438	28.58789254
439	1354.892078
440	91.07262834
441	410.006561
442	1148.814515
443	1612.60149
444	1.658857567
445	2395.678989
446	1081.526073
447	101.4058634
448	11.20330491
449	3.740216058
450	19.36453188
451	15.58990295
452	53.12123129
453	70.96791001
454	47.62155017
455	3.847184414
456	117.8166952
457	549.3361922
458	64.66029759
459	74.71026363
460	3212.756292
461	2.493139629
462	6.482478073
463	398.8717851
464	278.4319646
465	110.856908
466	2.346954138
467	21.45135324
468	522.1073862
469	3207.171426
470	105.523008
471	9.646923918
472	95.04661844
473	47.09380347
474	126.8421582
475	9.70690203
476	6.830950912
477	152.9758784
478	22.20688826
479	94.24800971
480	57.28934706
481	22.07591774
482	120.0804247
483	13.44126834
484	524.4770391
485	59.18404696
486	30.8024485
487	284.8186666
488	88.21790387
489	2578.359018
490	67.49889477
491	16.93010618
492	18.783374
493	2377.362513
494	9.463569762
495	31.1038533
496	13.71677829
497	26.49834722
498	426.3148568
499	197.0884279
500	714.9395195
501	123.3281827
502	5.598819437
503	13.64441885
504	500.1222764
505	11.49823256
506	87.43886769
507	28.54732378
508	166.1221545
509	8.393614631
510	87.39996412
511	2667.26621
512	162.5267903
513	91.36792646
514	7.771095444
515	3731.327234
516	15.80624293
517	2.724372492
518	168.8951305
519	15.0813304
520	169.3131278
521	27.16912681
522	9.182953598
