X	HN23_1	HN25_1	HN26_1	HN28_1	HN_0	HN10_0	HN12_0	HN13_0	HN16_0	HN17_0	HN18_0	HN20_0	HN22_0	HN24_0	HN24_1	HN25_0	HN26_0	HN5_0	HN5_1	HN6_0	HN6_1	HN7_0	HN8_0
1	19.45339678	5.393839978	4.555635882	5.786417443	5.218358059	14.91948505	9.77071983	4.320003282	8.676689916	6.668745773	6.539324319	13.15826911	4.339477537	2.416005991	3.004089963	5.591685459	4.648782406	3.826552965	4.184999067	18.72263386	23.97322346	0.440004678	15.21397813
2	16.84470688	1.191895229	1.496626058	1.726445549	39.86962555	0	46.28158257	5.971901469	12.55282009	4.53505909	5.419076657	0.00453477	0	0	0	0.304582883	3.973841501	14.95611086	5.858868288	8.707933824	5.117204854	0	9.304932842
3	0.268033385	16.37789214	12.77718211	19.978446	17.0693634	9.308305807	15.76304227	19.21927366	10.15642366	19.2709358	6.027028862	9.304976449	5.938234301	16.96405214	38.92093689	11.26144698	11.02824974	3.299765135	9.788797232	8.800565387	15.05529868	17.93163998	5.661464621
4	0	0.828431691	18.91520907	0.481101869	0	23.91512887	0.342134847	3.953264279	0.849835811	0.001713059	1.387738289	1.962902233	0.002791881	0	0	20.21752865	11.75243053	0.996206777	0.116026778	1.071600903	0	0	0
5	99.50148675	16.90637292	4.536975845	5.042365845	79.06760956	19.69009839	112.072759	68.44868228	59.47917649	22.61283199	32.11225878	6.610121538	4.069376307	5.689024455	12.90666698	38.50199766	16.34688129	59.98001792	19.2516033	10.37795495	10.30048102	24.30963449	27.70776341
6	0	0.369694573	0.384022968	4.413669129	0.268876141	0	0	0	1.119734689	0.463165735	0.687287046	0.37371003	2.451322242	6.460066479	0.015306	0	0.072263835	0.961251716	1.361660247	2.250820066	19.46326973	0	11.01527947
7	67.16342273	102.5289267	131.0663506	113.8584925	132.519119	215.2377549	80.3927134	111.2424466	168.3093998	174.7803474	116.6898761	159.203644	152.2106513	151.0988365	55.69414801	185.3606618	222.2290946	165.2641728	106.6710207	179.5119198	108.7908662	78.88457417	150.2245248
8	14.59786803	6.085592994	8.007756653	6.032906257	21.26034584	5.707036478	29.08935309	14.35717155	5.024398168	12.45731403	7.378497441	6.424904259	3.266177186	5.923660426	0.780178874	11.99733989	3.159527874	7.613067511	13.34305756	26.62283382	13.11739376	0	8.138823955
9	35.41716554	45.85268384	40.31850873	46.1236204	128.2819473	48.93181079	125.9797314	136.3928442	72.37121672	52.63340317	53.3906223	69.7064335	93.60374636	80.23341409	113.3731562	104.0859559	50.37723262	66.47265796	32.45136719	49.80230463	30.47447	46.5086351	44.91584275
10	0	1.157665157	11.13331436	17.30461557	0.009812678	17.27397254	0	0	13.46393986	1.525929649	1.268200547	11.41530376	4.215669874	13.80839075	39.95323537	0	23.27257015	21.52321248	78.63596948	15.57220155	22.35300942	0	55.7671717
11	0	3.933586729	5.598798934	3.054013005	6.813923915	6.26677428	14.63712829	3.036556647	5.284302985	6.933147523	7.319853318	11.48132409	2.420851788	0	0.002244886	7.222307466	6.794047438	5.590613903	10.09501821	12.27633813	7.227978739	15.42891762	6.341173483
12	0	151.5323011	43.42278097	26.57500781	12.2792719	0	0	102.4227553	30.88186795	146.1202382	42.78057931	71.3818919	4.823477541	3.288136485	27.32339811	106.5918198	116.6132286	34.15601785	49.25190916	4.034926393	11.05511591	126.5933822	38.17527201
13	0	1.305017528	0.207095624	0.901019264	0	0	0.005410711	2.372517739	0.148126418	0.08968067	0.016441574	1.491874127	1.343790802	3.054567966	0.928183564	0.165267145	0	0.129325813	0.067718714	1.384355849	3.562247083	0.178577094	2.545310489
14	0.698036173	113.2311249	18.63370806	2.934021352	3.029995756	2.788882539	11.9658277	10.35596377	3.954801009	6.471174029	21.70797918	2.424119046	159.0014898	0.798110024	117.9562166	201.43366	5.751977957	12.6236996	25.98835984	17.57145856	8.585208286	1.801426269	5.666276006
15	461.4187007	50.34844341	78.40585095	23.91225343	290.9055417	95.13281095	303.6606385	44.75888015	233.100043	51.81824719	177.96583	30.16571356	22.57002104	16.71484503	3.792969733	162.6081506	76.48850049	128.0159629	25.72242679	7.79695818	8.636562156	20.9923538	20.26690588
16	0	64.91791297	62.56302981	79.77635727	1.493474556	5.865662966	0	25.06670009	5.385578216	5.156411605	23.3139416	7.728628789	24.30171561	0.106621134	58.43178613	38.51740756	57.39406117	87.09154746	104.3426913	53.45714724	445.5119197	0	20.14978327
17	60.42743458	17.12250637	13.06423122	15.26735308	82.25158475	49.95914803	59.86716513	61.27339872	34.87230103	24.29702038	25.93385753	23.02027795	16.114892	12.83101777	35.19073568	33.24950159	14.37510657	18.29407838	13.42541922	11.70919991	14.02138174	12.65422643	85.53494106
18	0	1.05308383	4.677310396	0.860477793	0	2.856969511	0	9.302990972	0.073104655	0.017644556	0.857411703	6.141100805	0.841481737	6.441426754	0	0.422158357	1.730060411	2.964453795	4.716142226	2.10444395	1.360424939	0	1.596144966
19	0	0.156468696	3.227876775	1.633851973	0.006554289	0	0	0	0.197456126	0.059333499	0	3.578228291	0	0.158780765	0.116122857	0.408939233	0.0384913	4.696791878	3.886980851	1.024833324	0.82350827	0	0
20	0	0	0.989273136	0	0	0	0	0	0.229118323	0	0	0.243902523	0	0	0	0	0	4.933498617	0	1.741461168	2.969111621	0	0
21	0	1.76176539	0.993644703	1.936239367	4.269944977	27.32338893	5.351172944	4.323130252	6.950398573	7.592783916	3.966849201	4.818875696	14.80759358	0.012837758	23.3984736	2.082324059	0	6.324926936	9.761467162	14.65559389	5.317066973	0	26.71533607
22	0	3.366659317	0.228131039	16.32422336	0.071383242	0	0.035274142	0.008170717	0.00947372	0	1.54016724	1.668886251	0.196193954	0	0.179999931	0	0	0	0.74761016	0	0.461614815	0	0.258606233
23	17.22807603	19.8577047	7.554275395	10.45678563	47.38409896	78.40786772	101.9084808	84.76492521	40.45164136	17.79815829	37.47507553	160.3133814	12.49895375	40.22246931	12.84347072	34.12514207	14.71361771	10.29504555	13.04844998	46.95692241	40.28721522	107.3682263	62.09905951
24	0	1.784354557	5.237750003	1.707626419	1.407598166	0	0.088013735	0.041219733	5.341349029	0.00612418	4.469124476	0.288048171	3.312072929	0	65.78325768	0.051550355	0.120378378	0	2.772815909	0.311603269	0.042919627	0	0
25	0	0	0.040111057	0.794067827	0	0	0	26.12565677	2.524942592	0.266767942	1.997404425	0.141018109	0	0	0	0	0	6.231229763	12.32866389	14.22646398	8.594902966	0	12.2324823
26	0	9.083904673	2.722361628	3.540607799	3.514796916	0	0	18.28428055	8.886215754	0.234383307	75.29878143	0.445742733	1.08571201	0	162.6897489	14.7422333	0	705.1879905	414.8481746	15.31789551	9.934293052	0	16.4035406
27	0	6.990604927	8.1885831	15.55343542	4.167386694	0	0	55.65137822	14.20440034	0.094456351	93.39493635	0.373224179	0	0	379.2895637	23.10739685	0	936.1388347	1068.425994	22.29059957	11.54816386	0	33.801078
28	0	0	0	11.96937954	0	0	0	0	0	0	0	0.07171136	0	0	0	0	0	0	0	0	33.87344884	0	5.645632552
29	0	0.254995409	1.058426955	2.680424251	0.176628459	26.3829712	0	5.48368529	10.84660738	23.62813321	0.010810872	1.837610815	1.787031393	0.392705943	0	0	0.082830576	4.168009267	0.674319749	0.4329772	2.70515191	0.082857578	11.45026724
30	0	12.49389885	2.495134411	0	5.762141631	0	0	0.195977722	4.38560864	0.593190143	3.129739224	11.59605892	16.65134982	4.599998162	10.04696862	0	0	16.4557025	9.693898194	0	0	0	0.93454646
31	15.4466285	0.757023926	0.914109174	1.46728678	6.42093266	0	1.465525229	3.544923455	3.682610522	3.223466861	2.162460195	2.307046182	3.010205986	0.453649697	1.129171441	1.131795906	0.122076296	1.905240196	2.276131792	8.954169319	3.731149506	0	3.538717043
32	135.5389264	15.31593361	6.483202123	1.288712565	85.91225948	0	102.0323394	7.881129908	29.22357699	17.96028571	63.41941476	1.628974685	3.678238256	0.00797302	6.957661262	53.68591909	0	9.11597557	2.261721138	0.008393933	0.871385617	0	16.17641802
33	257.7986995	41.89540045	61.1185423	52.795019	295.7420999	62.58680106	389.7870435	80.11725774	268.2818774	230.1143771	152.5189642	78.78305244	271.3713592	43.06900232	51.42569997	156.2229521	221.4061381	289.7024898	148.9981048	149.3469073	54.21581814	179.8401041	163.9766983
34	2.634119091	0.809711742	0.625500401	0.609031098	9.031852916	0.318493147	0.033698815	0	0	0	14.52613249	0	0	0	0	0.003798507	0	27.44631626	12.65684959	1.558500499	0.997886505	0	0
35	0	0	0	0.163699449	5.013771314	0	2.371545437	0	1.263312197	0.207988464	0	0	0	0	0	0	0	0	0	0	0	0	18.38770671
36	0	7.20572648	23.27351311	29.77544576	20.83206776	9.019504912	0	40.33712072	21.93643197	18.31375157	110.5502294	0.551752313	2.563674969	8.946070478	104.5158593	23.62575881	0	508.4900592	451.5949815	60.45801358	53.38420363	266.2158838	58.6210036
37	0	0.082995391	1.541139536	0.34897428	6.771180581	0	0	0.046341674	9.678625945	0.02070652	0.023894955	0.055834202	0.011979762	0.221093501	0	3.474516954	0.390189369	1.171769529	0.197131838	0	0.13073393	0	0
38	0	9.061922329	11.44639875	2.180779962	0	0	0	23.03023231	0.00317541	4.716247093	22.93368576	0.218921469	0.002436561	0	2.498643374	6.296925163	0	100.3349771	66.03267699	10.82484734	9.586002687	0	1.689945081
39	0	10.60561916	1.985532557	3.401698571	12.71088801	21.92669311	0.008767283	42.17978492	7.024364292	1.398346336	5.042228228	0.005140319	0	0	0	3.823263649	0	1.682628383	0.385072385	0.01518242	2.824027801	0	57.49980701
40	0.038626898	0.035413997	0.838574131	0.333303386	0.570910428	11.64646903	0.070410577	0.090000324	0.444240016	0.073553224	1.532871728	0.016543636	0.038984451	13.26853648	0.01428564	0.026860661	0.005660333	4.608335666	3.535952023	1.179666942	0.763233594	0	0.051386356
41	0	1.718598274	0.857254215	0	5.80078538	0	0	194.1761235	8.141345526	0	0	0	0	0	0	0	0	6.32005194	62.75197554	1.194953044	2.307568288	0	103.7317855
42	0	0.056508391	11.06526374	0.053886605	0.005093553	0	0	0	11.44692627	0.060557215	0	0.104575546	0	0	0	0	0	6.348782013	6.170486603	0	0.087735598	0	0.014158781
43	1.139608293	1.173180795	0.619358521	1.338756073	1.38078297	1.087247192	1.215203906	1.470120856	1.333865481	0.538865622	2.555344994	0.606527311	0.466751264	0.502569096	1.652002681	1.429596908	1.000753677	14.97776525	8.095301008	0.570651461	1.027151862	0.578561707	1.191974548
44	133.0390853	19.831677	16.18030476	23.83723081	42.72713257	312.0950682	2.462074394	64.98973619	3.759065807	11.02575873	13.12015787	52.8257905	5.134368597	10.19373598	9.071956349	4.349669625	3.557468829	33.96497306	17.78763491	50.68716631	39.97413051	0	45.73566344
45	2659.0001	101.2739412	21.8922026	0.268874095	1216.679354	0	1539.908813	126.2349811	868.8811609	187.779951	494.8633584	0	0	0	1.363251132	527.4774852	0	246.5945686	0.096255856	0	0	0	358.332134
46	300.2803624	23.98424471	7.860106309	0.751782226	362.617622	0	483.7172911	146.3626956	395.4913852	66.63606833	385.9137696	0.012511161	0	0	0	336.7922678	0	51.33701891	1.090346921	0	0.054087915	0	147.4148281
47	426.5138609	26.12307229	0.990438393	2.338248832	283.8267466	1.394947652	330.0828863	65.45210514	201.3281653	47.8413101	166.6141923	0.683443401	0.806603818	0.713108372	1.136539578	110.1748555	1.157738152	29.04444596	0.708897156	1.072909631	0.736205958	1.354285606	91.91358118
48	216.1256031	34.69311353	15.53371818	8.525911814	111.1267133	0	192.5322323	57.38813973	167.3236755	14.35360655	73.47832308	0.036779311	8.848713804	0	55.55784101	124.8799767	0	100.260845	88.34823267	3.072748699	14.46865066	0	54.74071908
49	69.53257821	1.599907378	1.808507357	0.041569426	31.05488751	0	34.22393831	13.657064	13.10020653	0.007087736	16.04992557	0	0	0	0.015714468	74.24288757	0.006226382	0.498693801	0	0	0.084379465	0	55.89128096
50	4.32479881	25.50369606	2.487675853	12.27095615	140.9654267	457.551139	2.54280266	131.3158395	10.12526175	3.067731494	27.67146605	0	0	3.535871624	1.851022184	15.71866812	0	0.076480175	6.392649764	15.38726912	17.94733977	0	75.04279127
51	1111.75744	70.09158525	6.518863104	0.014991667	475.3229166	0.050689532	462.3259535	13.98604078	190.4261277	89.7227025	254.0479524	0.014372173	0.014416331	0	1.230978915	126.4956526	4.088643079	49.83077974	0.018596401	0.246567634	0.237949794	0.002857136	4.454265619
52	7.430409051	4.171754523	7.044282943	12.25566949	12.11748982	0.933945238	9.726106343	0.052439621	10.02897523	2.450806929	4.960778418	3.353998005	4.264011244	9.76943992	9.096888722	2.384346698	0.229997242	0.450521266	4.926530614	4.946897747	16.23972044	19.64077863	3.647371537
53	0	53.8658982	81.90403744	76.07562902	7.076266551	10.38056562	2.162615862	24.43980906	12.91341031	16.44498002	27.25586735	12.75856846	31.66167385	48.58152388	52.14839348	27.05437173	32.75632065	8.457914031	32.98082594	52.92161954	105.1763037	0.041428612	11.24286266
54	205.1429826	145.9759191	86.81064262	117.2989474	298.3090337	290.3174192	272.6531439	151.7930369	270.0622585	146.8567576	284.2033297	142.0818432	229.1160772	142.0605579	95.74213185	251.9426692	236.7257615	159.222115	116.7917201	81.62282676	49.82812146	457.999072	65.88178594
55	0	6.402310546	5.983696116	6.566031916	4.644856672	15.6110533	2.188668884	1.666591411	7.758620638	3.847090608	7.585500159	1.010360423	9.501181252	4.308519186	17.12037044	8.32208943	12.48263628	16.46067169	2.212752922	3.680609886	2.621695402	22.20837889	3.433338482
56	0	5.792604709	4.029230753	4.378590006	1.445491587	25.27934506	2.73066523	1.426478224	12.89294095	67.59405756	5.919798272	13.46352039	10.26601547	29.78086542	11.57424081	7.323551118	6.877120864	10.8570923	7.169634505	27.81680168	10.98878206	0.422862868	14.61273466
57	26.82610781	2.315367469	6.28506558	3.455990377	2.780842887	5.416253771	9.61123602	7.987213314	10.65740701	2.057709701	15.38023933	4.811730606	10.92104593	2.924958425	35.33714899	18.63511662	10.20307201	12.76623376	9.514716668	1.836482351	1.645834496	0	0
58	0	0	0.592699913	0.111535136	0.669362099	0	0.016232869	2.202233223	0.006947454	0	0.04689317	0	0	0	0.019387516	0	0	1.158743914	0.386303879	0	1.94740106	0	0
59	69.09694604	33.20766294	4.194760243	22.19690388	80.78476949	156.1727051	77.66069084	46.19599075	36.90496209	8.117648987	48.34984157	0.97698022	1.186590093	2.789673293	17.13095452	26.35616114	1.121319104	49.42080751	47.61907719	9.33728125	24.27532769	0.627147583	29.68465055
60	0	29.21418986	61.21722869	14.08897486	4.794748701	10.11578284	24.19636353	0	17.70943816	1.757984197	8.569692198	1989.371811	3.477029598	12.37455907	24.86433489	9.454000725	48.36292731	45.65437689	14.69804293	23.13086332	47.88992749	0	57.49818842
61	0	0	0	0	0	0	0	0	0	0	0	0	0	0	0	0	0	0.018808513	0	0	0.254009334	0	0
62	0	125.5013714	189.6317455	166.5560868	42.3125406	44.39805426	0.008150466	138.2950067	102.6708647	87.4825224	100.6586994	10.45532277	192.9015727	319.4131043	68.04012218	117.7958645	328.6657543	101.5515903	67.4700763	65.96878014	54.02364871	56.18060106	211.6018699
63	32.75260994	26.89297543	27.63060198	20.10056723	72.00747615	53.52844474	64.79078584	27.28324652	64.63888247	29.70320241	46.19700688	30.54301702	29.34897714	29.71543569	40.57453763	29.21672998	32.26283296	50.17026655	23.54849706	56.65276292	38.56920889	65.50433593	60.23820524
64	0	3.160905923	3.281971886	11.7797361	5.795843684	0.208739729	12.91477653	9.424639098	8.747861194	0.471838313	5.961099353	9.05194209	5.612719668	0.608244253	5.813002544	13.21793555	0.011698148	1.507585139	12.58441588	12.99712456	28.32680909	0	0
65	0	0.232553878	0.324134884	0.005024739	0.565422777	0	0.008424771	0	0.116453109	0.286937941	0.190943621	1.97182106	0.516292663	0	0.129794586	0.018294665	4.788435308	1.091327206	1.426388383	1.594398897	1.98707693	0	0.571178326
66	5.51255432	3.939549925	9.720418096	3.328878808	7.265394333	6.677244697	4.410889315	59.30994959	5.084302993	0.97554931	10.02528411	0.291344308	3.392540839	0.244728964	10.48262833	2.016452978	2.949960546	13.99469868	17.73343318	4.508628789	21.86197427	1.195713185	10.12016631
67	13.19443349	13.82537984	16.88618859	16.9195011	17.63650157	30.52835565	22.40711956	9.765086451	13.64728647	15.5136961	12.89228139	17.44546376	17.81486843	8.466259329	7.809516184	12.99009088	28.72712701	22.05170684	21.73644385	15.06989999	23.20761527	30.68435654	47.38587906
68	0	66.4526879	7.912461247	20.24792985	5.778232626	0.05241401	0.011986263	3.624154012	10.83424857	0.050040799	7.15932346	6.77119307	16.14954268	47.63658821	2.065161518	26.56075122	0	4.075343411	0.805435973	5.391615663	5.509098279	0	30.76738889
69	0.350979047	0.320715499	0.261703566	0.368495798	0.798810184	0.278850121	0.403082996	10.08786116	1.144025697	1.090079112	1.52130194	0.296662092	0.141674343	0.470813704	11.23348161	0.786788051	0.372075823	5.514098377	6.873285164	0.350072501	2.513799491	0.127143012	0.499405696
70	0	1.237566648	1.059338371	0.001405021	0.980684826	0	0	3.260751394	5.373406743	0.000835122	1.032710216	0	0	0	0.033673296	0	0	30.87825625	14.70440732	15.59830622	2.091881139	0	0
71	0	12.51651351	13.69494887	13.64026618	4.67913056	3.68292998	0.006027474	234.6827278	29.82066858	5.516233094	6.759838944	1.809330014	19.21327874	5.562666098	26.11794856	16.91670977	60.22644862	27.15264116	40.25303261	32.38723543	57.11860358	0	84.98855141
72	0.224510167	0.170022046	0.231873388	0.206943441	0.420450998	0.268851425	0.493561407	0.172318442	0.431245058	0.198436501	0.492411512	1.081883834	0.903616584	0.139324074	0.217958554	0.317441238	1.262057998	0.190621879	0.086080897	6.303874473	4.79358473	0.194286212	1.73436391
73	50.220654	42.8432553	32.80717338	30.80797229	40.98949735	35.73120798	113.2809047	34.54496701	54.32611168	27.76334953	34.91851477	92.97656258	62.16983574	29.58075154	31.11295758	45.00007752	39.30033057	40.23498444	51.5940067	35.35870904	48.38878025	55.10840064	37.8309065
74	0	1.053575547	0.601829294	5.782671284	0.455092316	0.791380451	0	1.123765761	1.203072296	0.00152034	0.235704465	0.011358899	0.002233515	0.014459539	0	0.052674754	2.080558736	0.075598927	0.001988311	1.48149375	2.542825214	0	0.040296537
75	0	4.453763157	9.588734912	10.81369242	0.411094444	1.241841498	0.024657728	0.30256953	1.569707942	0.000835122	2.619934156	0.22316438	0.351107434	3.165802235	0	4.608663569	9.674675211	1.455579608	0.39449726	7.168842687	34.75025282	0	29.72875427
76	0.094312747	220.4299162	131.3673905	259.0648058	55.37534858	156.9835964	8.259105826	20.73353345	85.30309615	123.2817636	48.61535988	24.12707429	175.2732294	445.9992317	705.0168317	135.4652956	124.7318463	35.1234407	40.99952913	39.08475944	155.8417199	37.63275288	318.6563919
77	3.952746393	2.686922857	0	0.28028933	2.003203092	0	0	5.444741795	6.411695532	1.219715943	2.727020033	0	5.223369081	2.358370999	11.91522618	1.565937127	0	0	1.574302799	0	0	0	0
78	0	43.95114433	74.80124646	56.52393679	3.139839252	2.775702404	48.80641238	9.448735615	10.6035172	181.3311051	46.2308847	81.82785175	106.8554497	3.862176061	33.41493957	14.55861593	42.76254948	15.6525629	14.1992908	54.43208457	33.506433	9.321496377	4.711639128
79	476.0459651	1.695218458	11.51685824	7.082813165	1052.912851	0.026437077	1579.499167	229.369344	41.54261974	168.2623445	276.1442743	0.002289479	0	0	0	19.10652702	0	9.495296293	0	0.004452563	0	0	34.61192862
80	0	151.2658213	639.9295177	270.0107804	53.00891418	5.671559721	0	79.73103767	25.36950855	60.68726523	107.7409784	0.643061925	36.52429662	159.9419974	115.4483629	89.66028025	417.2122153	233.1490718	314.9308607	0	1.295389676	0	2.308292013
81	0	7.413735618	11.65352642	16.23778619	15.5982671	0	0.004452034	57.97919669	2.757871896	2.414739444	19.85960431	1.692855183	0.824440831	5.458072098	16.67120197	18.23489213	88.06945866	37.36878942	47.18671326	22.13684145	2.752675892	0	0
82	41.11097503	58.08598052	38.79909945	66.25120382	72.7914253	68.62247837	84.37654264	60.7700078	48.30563686	41.331154	72.09976679	72.58526404	54.23569416	34.73127077	58.8505761	77.8048534	76.43155747	56.76028908	65.43550471	117.3858305	61.23897869	50.91028653	48.04447754
83	0.781373059	0.604630994	0.493211334	0.582478991	1.107865163	0.729775945	1.257051148	0.450485889	1.166014604	0.498093931	0.882005136	0.839349815	0.49304509	0.622701946	0.653464008	1.082558169	1.192271836	0.611086273	0.347719482	0.77466805	0.916936645	0.828573377	1.460687332
84	0	0.034093553	0.002737439	0.266862721	0	0	0	1.652627215	0.00352632	0.342612917	0.15020307	354.5382416	0.002842649	0	0	0.006937958	0	0.004041561	0.753728622	67.92507992	36.42450203	0	0
85	25.84932544	5.156036128	0.636743282	2.799968718	28.80386296	9.957232775	17.84007688	24.01428438	6.687097018	13.61097045	6.811236928	0	0.682692194	0	17.1717557	21.79469063	0	30.78567634	17.50511161	25.31007446	7.330657379	0	54.47402778
86	0	1.967796475	1.186792873	0.997897241	0	0	1.522253359	0	0	3.389440637	12.62854104	3.922532964	2.08712593	0	0	2.745231661	3.008961638	4.101315501	4.270561043	2.024889416	2.243118516	0	10.83489027
87	17.33064077	4.507982614	13.90147566	41.41358407	14.13321807	8.906649315	15.17122785	67.41695844	6.541366893	4.496026856	11.80558972	1.391168705	9.221149447	9.833749638	51.30670612	6.13617733	0.048491252	9.285657497	14.05395305	3.248431951	12.72347972	0.014285429	25.95564215
88	40.54804177	53.26948314	22.73146724	43.78537171	52.53971021	27.23427052	39.27088119	33.84619728	21.40908173	14.60859704	25.904592	0.054179681	15.38282235	25.84735363	22.5095505	45.26221927	2.841190948	33.07405513	39.94520862	20.87712363	37.84986348	46.19024177	14.10965307
89	78.18738028	32.12570716	8.698773819	5.965160452	461.0857271	93.37284749	504.622943	165.9032799	267.1620398	80.75540344	249.5661208	0.194545022	7.101764412	4.443658775	8.057154733	125.9018252	2.798549928	33.57113824	4.561976724	0.446497129	3.43606985	0	4.450892773
90	0	3.77286201	1.272995109	5.346477753	0.16704118	2.067818072	6.042404882	4.360794079	6.144709548	0.46521368	4.27368949	0.586862247	2.962233023	1.509965365	0.015101353	0.151166961	0	6.845322303	21.26804714	9.890592978	4.792148109	0	7.6030802
91	0.057842768	3.625114134	4.876573582	18.51270403	1.850576551	23.44938648	0	36.07799825	29.16104351	54.51463707	13.201938	75.04003304	0.075229635	0	2.851461168	3.136663699	1.224758069	16.75750455	39.01570472	69.9424713	102.190725	0	109.8551669
92	1028.735214	2741.687433	2521.876193	3220.993394	2087.456934	1083.959403	1815.198047	2008.984131	1594.147948	823.3640594	2004.240705	1184.890284	857.9619419	2328.352577	2278.039017	2372.673	1161.356262	902.8782614	1279.718836	1313.216368	2800.408487	1137.035541	1065.157125
93	0	0	0	0	0	0	0	0	0	0	0	0	7.216096952	0	0	0	0	0	0	0	0.03218975	0	0
94	0	0.529114965	0.933895129	1.377664188	5.852260685	0.00229885	1.285203004	12.15321968	2.383755444	1.132772932	4.110764661	1.734695539	5.73887067	5.183560782	13.03403198	0.980202663	0	9.377173134	5.268069661	1.609739788	2.465308415	0	2.543785134
95	0	0.637955804	3.387103135	0.506677978	2.289040758	0	3.300468407	2.331551091	0.396623219	1.261684046	0.745069572	1.125796118	1.217019556	0.355008167	0.232648544	0.599328987	2.100622951	2.022377462	1.4277993	2.275777707	3.358337016	0	0
96	106.9092284	7.124453729	1.444291417	1.720733906	120.8680437	0.538161146	61.66540902	17.96194402	66.7509847	20.48122194	139.9407104	2.937983027	1.460630598	23.03954266	0.58060621	35.00847432	21.39406954	36.0707813	12.80163062	33.35120078	13.80146328	24.59197001	56.6827098
97	61.76018191	42.01718166	23.95099508	32.19764905	57.01710671	25.35833333	24.47482076	33.45790377	44.78808568	38.58100919	56.51178951	25.24516421	48.78491931	25.12486811	47.6830636	35.60275768	11.82659786	32.29249807	37.40915174	24.90595955	38.0072016	34.62759046	31.14069761
98	0.394314609	211.3717396	274.1920594	590.9171388	19.60483073	23.79220219	6.379871137	73.01575888	75.65908307	217.8866451	109.054187	158.0229289	118.7965326	382.970335	44.14861825	84.42089587	191.6947888	46.27838301	41.9819545	129.0640127	1249.948091	9.988290703	299.2438281
99	11.63663355	3.295780968	0.316226606	1.305831034	5.624422057	0	5.165182462	7.848081871	24.01973706	2.091398475	15.74173319	6.422500823	0	0	0	2.579259144	0	7.227441609	4.073487155	2.631411729	1.306937106	0	0.389593366
100	0	10.519796	1.412609327	0.023421501	0	0	0	4.612103404	2.716918236	0.010556644	13.60439154	0	0	0	0	0	0	55.00236308	3.875856295	32.80966015	42.68527744	0	0
101	0	0.441792168	0.906268052	0.981258418	0.055842356	0	0.022260403	0.235374982	0.147663069	5.303913707	1.669506781	2.507043034	0.747811147	0.201620823	0	0.665083145	1.035324434	0.890924917	2.333806161	3.558361928	6.376083125	0	0
102	18.52125153	1.932232374	3.20890845	2.999220807	7.203980594	0	0.005890201	31.3925333	8.684507659	0.003447569	13.82155088	0	9.608325719	0	10.53041872	1.103191311	0	28.13764409	36.93278306	10.91608261	20.22262332	0	14.91087523
103	133.0803477	176.688681	43.1242835	122.5391424	205.1816419	1844.65932	82.26197591	261.2429552	82.02239924	131.2119203	176.7949653	24.2049387	83.03467405	110.1058095	38.33043559	113.4282413	19.052778	108.6988183	75.79578868	161.9578243	80.0269001	0	209.6096982
104	0.259409539	0.772835873	0.208042472	5.110406488	0.340486673	0.934940769	0.265961776	8.041699124	5.189365011	1.061964497	1.910715118	0.668495068	0.799017878	0.196351168	0.273264503	0.450691193	0.5609448	14.50755847	38.48249696	5.076495477	17.00162289	0.14999965	1.174852106
105	0.135490963	0.72776855	0.38103359	1.326736747	0.781010534	1.128716531	0.398425154	0.99647984	3.84861479	0.230155584	2.656657547	0.84897062	0.55294747	0.259995195	7.384397195	3.374001322	8.213758418	5.328003416	5.965437414	1.341813717	13.05226423	0	2.79570447
106	0	20.35590264	5.87384759	24.51252414	2.193237092	0.398167521	0.078425141	12.64594898	7.533125002	20.5559001	9.478301552	56.63521058	20.15508249	24.91651867	7.74263812	11.71840336	13.36848824	7.574037431	4.280731935	61.13289601	37.76213712	0	7.185341656
107	0.106272527	154.496665	172.1178603	265.4177631	60.64075881	428.1401338	0.014726245	134.4130616	215.8164732	193.842472	142.6225579	67.17356422	158.9990038	954.4994572	348.4636157	103.6536931	301.7005971	324.9938146	359.7518661	409.4737033	808.4454812	56.78342303	810.8589363
108	0.049410988	0.902440853	8.024149922	3.250985568	0.045355746	0.041724753	0.076712488	0.025122102	0.088805622	1.196985722	6.243011603	2.76348492	2.289751988	0	4.767643493	1.044838707	0.054716696	0.031657706	0.409118345	0.029488754	0.095693435	101.1643226	0.054553663
109	0	25.34941118	57.8968081	93.92593201	10.86383763	7.296691167	0	21.03952387	10.32929342	0.018179829	19.13484656	15.45397044	26.27117918	74.00072105	27.4819801	15.25597566	25.45029377	41.79073179	62.19381656	31.33058875	110.4554636	0	17.78532676
110	0.160786101	3.907650565	1.600309431	5.118300087	0.779564045	0.145402986	0.964680646	3.638447432	1.952825411	0.482212069	1.559554568	0.722575976	0.121675654	15.42549314	1.295722298	4.148071116	2.292990484	4.463937053	8.250406162	4.249177129	31.20103971	0.097142231	5.840926521
111	0	14.54122979	4.12407117	4.161480964	13.0953627	6.255399929	0	15.1837724	33.76511154	7.865840153	26.66694899	0.014091546	90.63819095	13.0007161	56.04410105	3.699381171	1.995071076	10.27822073	35.99713248	12.57157901	13.44641906	0	11.05522911
112	135.7658642	134.3711542	111.7328689	121.51271	143.8088885	149.4492207	104.9256919	239.5744977	150.1346857	163.7250718	101.5086328	40.07461141	69.26581341	33.40936998	116.8040861	218.1211074	203.5464925	264.0067824	192.2243893	65.29012134	96.88950105	183.4397751	181.2356548
113	10.7322644	3.830011166	1.36259613	3.514414034	21.75450132	7.382404069	22.52842041	10.67632438	10.66646343	5.023767729	16.92933415	2.26148569	2.750439011	14.15614105	5.774309845	39.34845463	1.790777975	7.801052104	5.731127107	5.798495932	4.493904201	0	19.47399279
114	40.05114844	8.902479743	2.689790734	3.717369938	14.85581581	10.10525302	12.5577053	0.515006998	8.112747653	10.34340808	31.66702226	8.374287809	3.943697885	0.02270269	0.708543881	7.155582665	0	7.398504497	12.26016044	5.460831015	17.78787127	3.498648031	13.41608362
115	177.1486035	12.95030397	1.413751271	13.15313241	179.2932116	22.7265313	68.16501475	20.24963569	113.9888848	41.41085592	105.026302	0.848236209	1.907234418	0	30.54893563	96.22651636	0.009622689	86.90505892	131.6729367	116.3508492	74.85493075	0	325.7109821
116	0	0.002102866	1.089363481	0.002776858	0	0	0	0	0	0	0.031758399	0	0	0	0	0	0	0	0	0	0	0	0
117	0	0.009686746	0.004050332	0.075569973	0	0	0	0.04121971	0.049456401	0.003468962	0.023243221	0.008035547	0	0	0	0.032713243	0.011132135	0	0	0	0	0	0
118	35.51987616	31.41887469	16.6633269	17.35372552	14.16402409	16.34176328	8.9661099	7.325388248	14.70101484	15.37290728	16.11675447	31.37875324	26.08713187	24.61814009	20.77008543	15.77650447	3.608500081	37.96929075	23.05381842	28.05564034	23.90055303	46.4289553	38.79565196
119	0.135685949	0.06478736	0.051480183	0.070347143	0.166067236	0.061724276	0.130000342	0.089755542	0.122964266	0.067387468	0.090022495	0.079837192	2.634028294	0.033243547	0.064693887	0.080387103	0.115848381	0.066010165	0.035380089	0.077445178	0.48219503	0.062856503	0.183167665
120	0.04529399	347.1878905	407.9059368	312.8749548	34.32067912	159.0214477	18.89165205	188.0768494	95.91902578	302.1558155	345.496963	665.9771554	583.9201349	184.3191225	241.1815898	214.4363018	685.3521474	269.0882751	335.1706731	266.4880474	589.492244	733.2921244	216.5018402
121	47.30133588	40.3755078	39.13919615	36.16770936	52.12455388	87.09663873	70.30087459	60.71417794	66.532835	33.90116119	73.08406269	33.68968792	25.48364108	27.11290525	50.95896254	71.37538352	57.64273307	39.12729604	35.16666095	27.84205383	24.54307787	94.26134545	57.08066144
122	18.13673348	0.209998897	0.113351425	0.164958797	12.15498552	0.37609284	31.45131563	0.231342165	3.024342131	0.833923154	2.646418712	0.174771579	0.139593906	0.076890803	0.782870752	0.793278779	0.330565332	0.469120128	0.283387313	0.258170697	0.46940894	0	0.306930526
123	0	0	0.519256376	12.82671465	0.854743152	0	0	13.83272124	0	0	2.442176781	0	0	0	0	0	0	0	1.630761046	0	0	0	0.013861092
124	0	2.890000445	10.07778959	1.222459019	10.19239548	7.746084223	0	151.0604813	11.31605569	2.746374562	21.53993309	13.95731774	1.923028227	8.353027847	26.02758404	13.59556955	30.83107152	103.6325713	55.68881392	9.686662762	8.699651644	0	8.531280439
125	0	40.45569032	0	7.069762266	87.18325951	59.7500416	0	279.0099542	160.8926852	23.74948814	81.3130387	0.022081703	290.0355293	284.8892492	877.228703	8.582144547	0	37.9502302	50.0108342	5.458975538	0	0	61.43947886
126	0	0.004093966	0.470782772	0.037454743	0	0	0	2.064212748	0.002193048	0.162291618	1.098671999	0.019143359	0.026345104	0	0	0.010310165	0	0	0	0	0.080953254	0	0.014455683
127	0.714908805	10.41341398	12.09318188	8.323169841	14.3283176	78.70137698	14.41544431	28.41337017	11.67928139	13.03722334	23.73075805	25.24602481	9.755231547	2.736108582	26.62795768	13.73202658	56.33973055	23.14143559	21.21819432	15.78256816	2.063758283	0	14.27474094
128	0	3.865190606	0.847509864	0.32103612	5.085269075	0	0.084517478	6.583632854	2.296993194	3.705975197	1.601509411	2.160295057	2.451889075	0	0.035305433	1.676364169	16.6419003	3.09591996	6.075362925	4.98319383	3.728395003	0	0.21286281
129	0	1.338676433	0.269721833	0.334595895	0	0	7.176096483	0.083780507	0.583175066	0.004518139	0.692637275	0.275182822	0	0	0	0.632001913	0	0.204356167	0.305254429	0	0	0	0
130	27.32984399	3.119951054	4.921441108	4.309409769	4.109292557	0.887363656	7.696338958	9.605240161	8.819323076	15.94960359	12.8262995	16.56639758	7.808792989	0.454866399	4.113201658	10.65227573	1.172830767	6.620224006	2.424139587	6.306239546	5.717313852	0.378566077	2.631395535
131	19.21736851	17.69860648	9.487189801	35.38549315	13.99647722	38.14416473	0	11.90130905	37.64393637	38.60306973	19.67244771	2.526427836	37.79540455	204.2581684	2.430385364	11.5986531	5.888992416	53.32366807	63.47053119	102.707546	55.62060337	0	94.12905895
132	645.6989085	109.579648	5.324488624	1.499608397	408.3695622	0.004597763	597.0640696	96.65520074	382.4030687	48.28670726	214.9541064	0	0.054312535	0	3.31795754	248.9233579	0	68.03386032	0	0.243138112	0	0	47.78651352
133	0	1749.961225	955.6867265	1104.87497	445.0614286	842.2449343	166.3035794	1242.032078	1508.577188	6388.015714	1564.534611	6408.112033	5390.971705	823.5105234	524.8454309	2997.822885	4367.083022	6067.509265	2052.768688	5556.821953	903.6641448	5419.432631	1499.684404
134	0	0	0.409193306	0	0.12254561	0	0	0	3.695800992	0	0	0	0	0	0	0	0	0	0	0	0.410526287	0	0.021385877
135	19.23250972	38.98030294	61.82803686	34.33309524	80.1779126	226.3548662	45.96844308	59.7220656	69.85441917	41.46364215	37.62608349	68.93288836	51.97928924	84.97086872	108.9188469	51.1942839	150.5240272	94.00719922	52.74137993	97.03045497	58.60533516	384.8551647	60.54669574
136	0	2.30614116	18.36313897	20.46200224	3.872389271	1.443377091	0	13.94760185	10.52991728	115.2340015	21.06124565	30.76297332	23.13983146	18.74525694	7.561629838	0.226235904	49.95415923	15.81783105	18.58384609	8.431126022	11.55894345	0	39.16820722
137	0.241951921	40.33257353	31.11252137	55.579936	40.57992236	69.72023848	15.98069859	46.19142632	46.14000162	38.8393182	55.44202498	10.49178384	56.31043755	23.81829165	25.66746389	71.88706557	132.9462425	37.34609043	65.97680786	39.72553199	45.04907334	72.2500388	49.03462604
138	331.2994932	54.36336452	72.0208765	33.07909242	102.4172228	3.455570829	97.57838254	23.80302564	208.1259749	40.72593121	77.00747224	7.261938435	16.54598713	2.261042842	87.22473803	83.11082537	67.87272951	35.46669556	20.53951602	2.217913151	14.6098314	0	69.60625222
139	0	14.0249578	9.868200909	6.671866618	7.365936826	23.77449523	3.974907795	18.65323883	9.276753246	20.18271403	25.85458493	10.33855719	37.56345952	26.71327551	2.40858582	8.94992725	27.92236253	17.37076538	19.34643736	3.80757137	6.47215559	15.05976441	6.33465945
140	31.24770129	43.76756697	9.991109119	3.817235251	37.09508192	42.40324059	0.018424274	106.5661964	47.25948019	27.58889719	75.64334847	0.00682428	171.5641303	57.06387231	419.2284187	8.301137679	0	27.7372375	17.64679321	3.500118183	0.035693141	0.032857014	41.32325163
141	247.3356403	24.76760923	1.779196558	0.497906471	116.4182406	1.703671747	174.4133374	17.06648724	137.6005342	4.50046734	102.6851042	0.071063461	0.049086237	0.069189372	1.095728833	62.15599701	0.104340076	65.792472	8.124296667	0.845453711	0.044087272	0.024286051	36.86476245
142	1531.763749	174.7573348	127.6306175	139.3782637	1748.169203	90.74470608	1454.037436	429.4015317	2022.211023	400.0508155	1391.465097	18.81260128	68.99469646	322.8227348	157.7875631	857.4007727	194.216871	593.41771	208.1652906	158.8160335	90.13346756	451.6302662	386.3550258
143	20.04199755	13.99255264	6.307909165	10.49634738	18.05804989	9.386386206	44.30981884	26.69987423	34.38071244	15.72919504	45.18820391	5.988370594	24.3902671	29.38528995	14.63699421	19.55796248	7.455835949	21.66037001	22.6344415	18.66432739	11.45902399	25.0043202	27.6539529
144	0	1.893132562	0.722441314	1.46324177	9.041317836	39.24668226	3.315978741	1.962580824	2.322018793	3.104509437	2.368795966	0.030709606	1.289638011	0	28.49745542	0.002209293	0	0.000414521	0.623583281	1.42537633	0.567074713	0	16.02587668
145	42.09653177	38.53945752	33.66827449	39.5336322	84.18511674	31.90329879	87.25472966	67.68766602	44.3417211	27.6872957	58.46183819	4.466062223	17.07176163	48.03295531	35.70387838	72.30237551	34.49397271	36.06487607	39.75676176	79.46111487	168.2650344	49.7529591	157.4627546
146	43.65689442	16.69692972	16.87863554	12.96675	18.69684838	13.90969552	28.80311381	34.59258705	38.01693697	27.99871121	26.79068294	45.25081835	31.77010802	12.43763858	35.08568641	29.61721305	14.54290239	5.227893665	6.794344331	34.56474251	29.39945548	116.0677031	11.24192067
147	0.026471272	4.20359166	4.107202026	8.141136409	1.809073409	0.235855194	0.049520545	0.489141216	1.424041629	3.306581382	1.776622315	0.673172366	7.149506226	0.871212923	1.672658238	1.678064364	0.521500257	3.025653608	4.614600722	1.300587851	6.713989537	0.514290504	1.175719171
148	0.766050902	5.452232898	6.145764963	4.231301904	2.260539247	0.106093074	0.277115847	13.36242804	5.715849238	12.67726094	3.691799546	6.342783053	20.97515733	0.249316876	0.661606171	9.925113774	12.86418366	6.868389629	9.928012484	7.248278515	3.705850593	0.160003624	12.61942548
149	0	21.32341347	6.496318118	7.482172551	4.630499413	11.32300045	0.078219214	3.444914811	3.606800999	17.97258238	10.66107435	0.660066135	19.81340149	49.86860626	20.47279679	14.42563645	29.48556888	9.105436319	10.58476261	5.275734195	2.515293424	18.44630386	15.45371954
150	0	0.020872471	1.200996672	0.000727277	0.002059927	0.003793101	0	0	0	0.00036403	0.199072874	1.619101671	0	0	0	0.001124031	0	0.006528501	0	0.221754555	0.133652394	0	0.059702504
151	150.2076128	53.87586227	42.83758356	35.12990622	132.571374	49.2677215	82.58678783	38.55672615	71.48526716	79.93237284	95.77419225	100.3785774	91.75702008	16.75852276	40.89054663	90.36955492	66.86571436	70.46642015	33.51551796	70.75384794	52.76413681	5.128600795	42.06928516
152	0.068431308	0.006800829	0	0.001983489	0.440185483	0	9.841103936	0	0.002017491	0.130063982	32.31978472	0	0.179792709	0	0	0	0	0.094197799	0	0	0	0	0
153	1.662522255	12.96535115	5.72375409	11.41570939	15.94280715	5.295765479	11.26423907	17.09054304	25.56107169	7.331544315	10.47710748	6.051984312	5.412389816	16.53762071	24.51191626	32.13728083	4.250818122	4.708374812	12.43775342	9.842396191	9.32008573	0	3.971664159
154	242.50426	1.599387971	3.997947946	0.011239773	42.82836492	16.46005443	26.93744276	13.10374661	7.317159538	9.61983535	29.96556504	0.067562043	0	0	0	0.242251748	10.25970487	27.30249282	0	0.01846734	0.030437968	0	0.04544581
155	240.2669108	10.11886044	2.604128112	3.24384648	121.5375733	18.30900449	139.6319218	9.534961604	18.29096754	29.89299684	65.74396073	4.209504187	2.952339109	7.602945062	3.611406347	21.45478516	6.178101771	18.01493921	1.975084104	5.518861555	7.01074054	3.202863384	10.64244781
156	0	0.136530262	0.032821147	0.719858041	10.92283454	0	24.94396638	0	4.138901977	2.788738665	0.126552631	0.002658827	0	0	0	0.512841062	0.996052657	18.038495	0.283925986	0.347803441	1.752192258	0	9.826001115
157	0	11.63240804	5078.085895	1.178407728	7.563636719	0.008850768	0.042876592	70.26848559	4.299610766	7.323457147	2394.03278	1810.666793	150.0798679	5.143804833	131.5209417	1.523989438	4835.5742	175.5963154	974.5411241	1778.852904	1134.335761	1207.623129	3.280406838
158	0.105685695	2034.231727	1920.549793	1463.408701	289.7765853	14.50925548	32.74426483	470.7018097	397.0190925	4746.442042	771.9918507	1329.66025	3591.681879	73.00118459	140.8946986	806.3187856	2389.593647	1407.084519	3403.243993	1336.729248	1441.195354	1267.930728	0.482065545
159	0	1.213782656	1.109446003	0.874399699	0.712704333	1.330539746	0.435950089	3.438939435	1.506792302	0.58488237	1.846983622	3.184972936	1.13604687	1.759951829	1.054671719	1.021207933	0.089433765	1.245340239	4.360130323	1.777332986	2.521554746	0	0.096831387
160	19.12790969	8.213982074	3.685584659	3.329097371	14.31478925	10.52827187	18.01059102	10.2463333	24.66641425	3.866298294	16.17879894	2.913740721	11.81207878	3.92538107	60.88037074	10.87043669	4.319444785	63.51475992	35.14323164	5.000214522	4.891562299	3.527117889	44.35256896
161	6.598733519	20.06196665	39.45967845	5.566632269	20.61473584	55.31287956	33.63853287	967.1760697	52.72411314	36.7980089	13.59521333	11.77839462	23.28358546	0.478917794	29.49430605	55.69976167	63.1844248	12.23930864	13.15149383	23.26352674	3.837366688	1.050007152	96.80173915
162	0	0	0	0.005603371	0	0	0	0	0	0	0	0	0	0	0	0	0	0	0	0	0	0	0
163	0.419218006	0.443959056	0.032318358	0.002611635	0.064869725	0	0.043766766	0.074512686	6.985794175	0.004989238	0.705748391	0.006868577	0.082080019	0	3.594943048	0.013565881	0	27.38239188	24.87441069	0.02255502	0.108102839	0	0.093959501
164	0.597252833	0.011610715	0.144184221	0.03165296	0.070037503	0.038046103	0	0	1.798355787	0	5.576918099	0.001698628	0	0	0.02632711	0.013178186	0	13.90530832	20.97294669	0	0	0	0.047129527
165	0.185881378	0.372902615	0.727160864	0.137619865	0.174232541	0.299196737	0.510140111	2.210134775	2.297411091	0.136487534	0.967587974	0.195066097	0.047462038	0.076892398	0.12754982	0.164496332	0.290943827	11.69591288	5.274451715	0.395839784	0.136641935	0.364289188	1.087649626
166	0.506863512	7.06622669	0.54931794	2.206864015	2.79100316	22.29656496	11.45917906	3.634650833	2.627133936	1.333109808	6.787393936	0.393339524	0.236500472	0.161892452	2.884243345	0.872764202	0.406981857	11.43989833	7.709569371	0.671161312	2.50764057	0.401429471	31.18868952
167	5.167897425	156.0797053	91.29936459	93.8083929	39.11789282	29.98614802	14.5516248	59.64790647	78.82101775	169.0154065	58.89894174	40.78265628	160.7173143	65.59860492	47.63711466	113.4763293	193.2555042	105.9108066	93.33564657	110.179957	156.2024263	71.65901817	110.7490008
168	6.291298143	41.87741755	41.66169616	22.49172651	35.97410102	18.89734897	34.60133	25.54083	43.32501543	65.46963243	40.93100411	60.80107334	49.85099249	34.59161219	33.19502786	27.76975197	46.93993796	43.40609607	45.20237493	28.17095017	17.22969641	1.800050257	12.4223756
169	0	0	0	0	0	0	0	0	0	0	0	0	0	0	0	0	0	0	0	0	0	0	0
170	0.155293961	16.20759919	18.14016486	14.0839502	12.65682351	3.796149666	22.64210614	8.703704553	9.624015543	14.88276585	2.528584816	30.81945144	9.554110395	2.998366539	22.77283114	13.27631476	4.39488764	3.153372366	3.250749857	7.725341585	6.254652952	0	11.22679545
171	0	15.48847666	9.367670744	16.4658157	60.02137165	9.518138705	40.63927254	29.46487078	16.10789911	38.42492847	24.45633572	19.75967079	40.6577428	1.938519651	1.469784095	7.382057922	3.497320778	24.12975111	21.2469743	18.8402142	16.2251552	49.68272029	5.95940878
172	154.580734	51.59552744	69.74158767	58.18394437	118.6621429	62.51872391	119.0010885	89.62516753	107.8535082	157.6808104	110.174133	192.6805568	173.0459803	63.16214454	45.77885652	105.9354792	175.4858649	126.6081333	110.6490977	185.6667844	82.55168348	97.34901726	96.37003249
173	0	0.100987374	0.001871504	0.141409677	0	0	0	0	0.570023564	0	0.052069805	0	0	0.145949265	0	0	0	0	0	0	0	0	0
174	83.54301647	9.186184577	0.68849647	12.06075021	62.7670986	0	34.31557337	0.009146647	29.72437776	3.782770239	20.20526762	0.130741575	0	0	17.92971186	52.87720608	0	6.943416493	0	9.273323783	6.187248765	0	20.93759844
175	0	20.85855997	36.18652378	34.77154556	1.389084894	5.851369193	0.003835626	10.05151588	5.345667821	39.21605456	15.87062899	16.36107085	6.115065614	9.238109587	22.87390831	10.764849	24.20073004	26.24616436	24.00740605	10.95758196	24.53790986	0.771428457	6.540317424
176	10.01557552	6.270273908	8.847466331	9.447492812	1.88945883	1.036671568	2.118028861	11.15216647	6.550660207	6.682693725	5.988034815	10.89420727	4.640082297	11.45846357	0.097957762	3.947945175	5.033466949	9.33970389	10.8392398	6.31619863	19.97020997	0	4.473065541
177	386.9190765	121.261831	147.0789787	142.7715173	280.8412131	142.7051999	455.4801969	195.9448	299.8941617	201.027459	223.7494371	77.22026443	230.9161515	107.7994217	114.8671414	193.9991136	205.0046391	170.2892464	89.68344584	105.0862391	101.0695804	161.4968108	383.1101527
178	15.70334719	58.34476373	104.246354	65.32044849	16.16344431	46.54539712	15.63305743	2.361873934	42.71028004	31.22945779	32.53692545	116.7227075	58.90292816	0.473913425	25.57467128	21.30493926	98.63634864	54.34702853	96.64838703	149.731728	148.1020963	37.3765168	24.13470056
179	0	5.136580743	4.294945925	25.59830296	0.00153558	56.39666574	0	7.780803036	2.634980883	3.612330711	2.465760099	1.18027252	3.909501856	40.49908059	9.936052178	3.519066429	9.869944514	11.07967707	8.123928562	4.335082334	39.64387778	84.203685	35.51684772
180	0.218234596	0.84049	0.886458029	1.101311942	0.676780031	0.782513146	1.240691542	0.931206845	0.830510525	0.122973979	1.656380721	0.322289614	0.234367274	0.546896438	0.10469386	2.516066403	1.794000444	0.261184094	0.302339092	0.173358185	0.542182405	0	0.910713095
181	0	0	0	0	0	0	0	1.456135338	0	0	0	0	0	0	0	0	0	0	0	0.709903598	0	0	0
182	0	10.87975699	0.682415475	0.329664765	5.679713083	0.777228205	1.515431775	8.986506361	8.866000454	0.204407804	45.92739681	0.074092745	37.23677935	72.40624079	4.867429836	10.75847788	0	40.55910749	7.19304689	64.19296346	8.221843766	950.4765394	9.652592663
183	0.806862026	7.609720487	11.42845508	4.94331682	4.403117915	17.42038806	12.47162859	1.269036497	5.324817281	3.666590537	7.952699029	10.07670826	12.78015819	8.99627075	1.049584544	3.151206056	14.6915022	2.345167078	5.877720025	5.128599015	8.131705489	32.92457629	8.228398393
184	0	0.301952471	0.057204744	2.133784155	0.078536626	0	0	28.30084048	0	0	0.03270426	0	0	0	0	0.089265604	0	0	0.688949861	0	0.07802566	0	0.124252232
185	0.143331991	2.968466102	3.464159539	3.231462098	0.738371571	0.249541143	1.159248873	1.522557699	2.114269586	0.128586087	0.722007504	0.129896324	2.482246455	0.077297243	0.116530734	1.400260348	0.199056651	0.434774948	3.174089174	0.701169733	0.921465359	0.17142848	3.019158482
186	81.53364106	102.1958708	232.2688741	110.3881675	60.84246589	62.11749045	53.71505777	73.08812768	89.67158861	100.706324	131.3307993	309.0555842	221.3861438	79.14224821	92.66976389	133.6370528	326.6950073	123.1001524	163.4995418	181.5423715	110.9313919	96.73759369	87.03135284
187	65.48556009	31.33573182	52.57329452	57.1015112	42.77677827	37.01379632	24.43560067	31.57848939	67.26903886	60.67115619	79.5855208	68.95793789	74.02380695	22.37726125	19.30498983	50.09218216	98.77041195	74.86054002	84.41779644	171.6612402	91.00587304	0.02714282	18.0041807
188	0	0.439091121	2.775339572	0	37.60401755	71.37569766	3.272128886	124.8182179	16.143092	2.328881136	5.305486146	0.011211309	0	0	0.018571159	17.92616548	0	0.002849742	0	0	0.02605834	3.978598707	238.2344343
189	0	10.19896133	4.617961636	2.126575795	3.45397447	0	7.732388522	29.0816938	14.49768767	5.137885425	33.77843387	0	23.69003982	0	17.12687864	1.680039197	0	391.8737293	219.9970381	24.55078751	4.665454145	0	48.30095656
190	55.74763584	353.3490252	328.5316427	1074.415453	127.8855128	170.5344518	157.308819	242.2077633	253.8068346	1357.166024	939.2521241	448.9082023	738.8263728	2839.943086	544.1623285	386.8759372	511.5744093	563.6610875	260.0176357	1009.842335	867.1105514	693.9067553	69.96931728
191	8.458135253	21.92298119	24.59504385	14.87334569	1.714736418	2.998458523	0	3.491538374	9.440723809	3.800201596	11.71698847	22.17924493	32.45879748	17.01744133	14.83307455	10.35920569	10.36234791	5.694241642	8.556526718	11.22302615	13.07733578	6.095745736	0.748000935
192	22.59957527	15.71074295	12.4184772	24.35034933	16.83571094	3.515457615	4.220433647	25.61872534	15.74202889	23.75634092	36.51367632	76.5807036	32.12745452	62.38568561	8.193846267	23.55307856	19.20108598	40.86434651	56.33656416	17.89021637	11.39429916	55.93095834	15.34353893
193	0	3.343985926	1.295209484	6.611841765	0.002134823	0.044137713	0	0.064755555	0.724603601	10.00782738	32.09382322	1.688745385	4.525066899	4.504928392	41.47520421	1.023615559	0	6.834871016	18.33231512	2.38188475	6.843149028	0	4.840668441
194	4.75804566	12.26129859	29.18416718	40.8968634	22.22640323	22.01757668	11.53078899	19.90898909	27.93921414	11.1754221	32.84470156	4.812174103	14.09083904	34.33306264	14.86758044	20.68704258	40.72392025	6.290190393	58.12430687	12.29406981	27.9929285	46.03499226	23.72325166
195	37.26783439	20.55884399	34.39726259	32.00425278	26.8834396	38.0567669	18.42266595	37.06245971	37.34719293	26.39041572	41.67698514	34.54120167	23.94383976	31.88205537	46.24054602	19.92833731	19.05646538	54.14491334	50.80189848	7.389608982	27.67924452	0.469998802	31.81525676
196	5.263820059	28.61421722	25.06156999	31.55594195	29.98129776	46.71429009	57.3165284	67.37995443	26.57585647	19.42691344	32.18325409	39.58970067	30.94081597	25.47202632	41.51263355	35.35395218	32.36587001	28.61625217	27.63188418	33.39329357	46.66878666	0	23.68367368
197	133.885001	45.83254191	58.03933786	34.75187537	64.55605745	54.2036242	56.09840798	41.61499322	64.11320006	31.06386003	46.22674669	63.8931405	49.01555724	46.27514555	41.5515378	27.28249092	58.28557552	35.32243435	56.78181607	36.40770172	53.96064307	30.14088546	33.22802627
198	0	108.2215606	163.9750273	236.9549767	61.14857133	20.8203087	23.84623392	78.37501763	38.10452509	12.85410734	62.77609738	94.16995484	88.25970033	33.14778914	132.7976817	62.91680447	28.73340135	86.09705438	99.10416703	51.56461604	114.8161281	176.9346007	5.97892655
199	0	7.390797799	5.850457727	20.52974572	14.40362736	1.828603495	0.002876699	31.47630597	39.16948547	85.2352192	5.331408673	89.45135078	193.9052555	0.680149443	3.203450497	11.82912011	1.207750043	16.49286897	19.52653932	487.7503828	216.8466177	0	6.225778011
200	37.9810952	135.2092265	173.2684953	141.6127337	60.48835087	226.5865795	34.55293499	79.73011282	199.5882256	238.5010661	188.2218486	235.3865287	417.7782471	115.3824236	203.5116702	143.7662243	187.4771931	173.3733711	107.3959257	264.8094092	131.1692907	167.945918	194.2963562
201	54.55007484	195.6390273	352.4895364	212.026475	110.1157474	264.9861242	71.37917194	101.9350158	157.5482013	449.2213703	264.1622247	539.720569	636.250007	294.2573272	147.8968153	184.5014094	378.268605	318.1891387	223.4996297	404.7877626	175.1386525	61.88197495	184.6363461
202	0	2.07454824	6.480109342	6.469894255	0.180370895	2.240921069	0	1.247466993	7.804236913	0.488209445	10.44004664	0.896233048	0.172490293	0.592015543	0.287757249	1.399190304	1.273972068	9.542630082	50.49913928	7.686016963	17.69430941	0	7.880575737
203	0	11.36376253	10.12514783	5.442311253	1.82052447	0	0.032328884	4.521828799	3.274594154	2.833281696	17.92802576	5.512206314	11.24646362	17.55527256	5.289934175	9.740634695	14.35570753	4.705200741	8.9652368	62.48869222	25.33481391	0	28.70697854
204	43.72381308	30.91230589	30.14176605	30.68887789	33.40370945	19.92749147	15.96992342	19.66929197	28.82002336	38.35502484	18.3892642	45.40462561	33.09323237	25.5703443	24.68266748	48.45496368	50.63256208	32.65783362	34.15194448	51.10566954	38.74794687	136.1181528	23.77632118
205	0	0.19342267	0.237149358	0.27082582	0.09093932	0	0	0	0.156314068	0.87731806	0.118625515	0.320939253	0.765790295	0.018243013	4.386890892	0.432048493	0	0.007823926	0.083216878	0.209863466	0.735026382	0	0.079109311
206	27.85681997	317.4640968	97.4935285	214.1190648	708.0502093	241.5290013	722.6001676	747.7297602	530.9690764	133.9582884	432.6671069	15.00412653	223.7690227	461.653076	280.5842272	846.2808754	25.59904408	133.3721778	85.88330141	20.63521142	25.93494174	0	219.0606198
207	0	7.567864718	1.744204282	14.96293365	2.336658943	2.029231662	0	0.742170342	3.056515363	46.74890207	3.043326319	9.326835924	19.81467937	1.788020785	2.179136771	6.538601623	6.194276672	6.076439189	4.417701119	26.25564319	13.451017	0	0.449694033
208	0	0.303666412	0.186258285	1.146679938	0.29846862	0.164028801	0	0	0.674181078	0.004218356	0.237114933	0.094355713	0.109899157	0.758517464	0	0.018410603	0	0.489175589	0.424435208	0.562921165	0.852168453	0	0.970475704
209	112.4652051	30.18210583	32.01012498	28.58972586	46.48228333	8.766074115	36.24433042	28.14430387	41.45902835	86.47971277	57.9331055	104.6097809	123.1471098	41.49827014	28.7620934	63.89326063	52.61307275	74.04602982	40.62723722	67.93099465	59.2933863	0	7.965507234
210	51.71696505	4.076034103	0.470473035	5.519675077	3.94907751	0	0	4.468225962	5.604487653	6.935120486	11.53744546	5.7124588	3.365316178	0	0	0.615751384	0	1.801357377	5.493749087	1.285988776	14.13985524	0	25.65671986
211	54.72663451	144.5691967	110.2413264	71.92470622	211.2895061	79.3245872	204.0320581	80.142662	103.9392336	76.09207303	141.0506687	111.56213	108.0664363	184.6690105	182.4854412	119.7374339	67.84419999	122.1964067	80.84711331	125.116523	102.2967922	142.1565313	76.62922766
212	29.12152354	7.050673637	10.69516234	22.73032833	11.43691202	9.95114408	12.98974579	4.088752702	14.01778507	27.50875193	12.57409277	16.77147719	12.86963187	9.770214823	5.552742793	26.66377432	40.85415909	23.28350932	19.11232638	15.04285457	6.905212494	0	11.633854
213	0	0.975364761	8.064744257	10.00183587	0.00355803	0.221487794	0.872596418	6.02263714	8.823765065	1.279706084	16.00879171	16.51094156	8.113790449	10.5829714	5.871483375	0.673883044	0	12.4004254	19.91306582	58.18484343	68.50198917	0	54.01747014
214	0	0	0	0	0	0	0	0	0	0	0	0	0	0	0	0	0	0	0	0	0	0	0
215	0	0	0	0	0	0	0	0	0.035613339	0	0	0	0	0	0	0	0	0	0	0	0.488558775	0	0.160096564
216	0	0.070178858	0.039299983	0.246872971	0.319818008	0	0.054040929	0.026950894	0.13834972	0	0	0.005745987	0.044213272	0	0	0.032907212	0.020189375	0	0	0	0.220944549	0	2.893004448
217	0	2.699818541	1.37741227	5.308200531	0.595003724	9.085626144	0	5.195522384	2.691221006	6.023336443	1.266464753	1.634482056	12.32811676	22.89544398	0.142652746	4.091721231	0	3.956381454	9.517915405	8.320009335	12.38537136	0	8.229575045
218	0	82.26122581	70.81633885	119.6433609	13.3891955	17.8462829	3.443307122	31.67734774	37.69321389	106.525532	32.63923243	43.8581236	98.49529464	130.6298375	69.92019413	40.35042284	28.00494742	48.93636437	53.84929665	63.62586912	136.2176354	127.6623201	15.44483954
219	0.090000023	21.76957871	14.01288557	23.1078469	15.82087678	57.05456665	0.505260735	46.33950908	28.37875257	42.2248219	18.22796355	9.855599044	27.06951445	81.62040255	10.15114208	8.167043065	49.72863207	22.02107274	33.96986876	23.35344397	21.75777262	19.76439479	18.9225317
220	0	0.176933746	0.519072946	0.562139122	0.170154679	0	0.002123272	0.044634011	0.002894748	0	0.015427939	0.047415052	0.052844404	0.019730062	0	0	0	0	0.105319377	0	0	0	0.1168315
221	0	1.69394214	0.878957358	1.226723475	0.641694202	2.469278623	0.016712541	0.192317746	0.590985591	0.591324774	1.995514906	3.574673996	1.452432079	0.655421266	0.074489212	1.387344369	0.179056047	3.265460874	3.647111911	2.714994822	2.287394536	0	6.035063669
222	0	2.75593153	1.772115288	3.553145903	5.783998828	0.006551725	0.035684931	12.26291776	4.540136404	1.687936694	4.456326058	7.760494002	2.893555276	0.008243284	23.28534776	2.769884874	0	12.20587294	17.66405304	9.291116926	7.807657843	47.45148129	3.435798448
223	0	207.9165734	198.4407077	234.9071942	68.59628649	3.59369227	0.001301368	307.4342681	113.5260414	7.442523416	88.08527636	3.472648595	85.49448052	341.2747378	277.3408542	317.4666354	174.1743416	27.52528394	8.451856926	235.1268856	569.8866737	0	60.35060504
224	0	0	0.086366978	0	0	0	0	11.6409853	0.078404944	0	0.296540137	0.017355943	0.174105464	0	0.077959231	0	0	0	0.133156565	0.208168191	0.023357798	0	1.89533798
225	0	0.103422318	0.561005017	0.137040699	0.04547077	0.183802987	0.809703693	0	3.34568127	0.208161514	0.4492119	1.215729234	0.160555088	0.257694435	0	2.250455847	5.207386517	0.552529174	0	1.462065103	0.782980941	0	5.591338955
226	0	3.171524857	4.144885436	2.565716719	0	7.940280455	91.74129217	10.54204565	0	109.6743577	144.8483371	0.353470897	0.422732998	18.03544943	166.3198777	4.030161235	0	5.044482603	0.70584035	89.60288906	3.140353625	42.60322907	0
227	15.40545751	10.45387229	1.213188723	5.075955937	13.53133118	104.8886841	19.20853173	39.47822794	16.52697848	2.952829516	16.95397158	0.005184653	0.400551976	0.016216482	7.007057351	32.83964654	0.010566063	9.167996622	2.539162288	2.667942607	5.726487202	0	16.82873053
228	18.15826747	13.29357252	66.79640492	46.49981024	33.86749676	130.5731612	4.866310372	30.04989525	48.91210746	47.12203316	108.1349581	278.1579629	101.8519173	164.0037949	103.3151646	4.484333712	167.2135223	77.29084299	86.69280881	41.59688559	204.7403407	0.051428596	56.22120194
229	7.23347073	4.76358602	3.387950915	6.056522547	17.21296087	53.91970251	5.206926165	14.25180206	4.417671295	1.352706775	7.200595418	1.351179784	0.591574474	0.548513809	1.690978031	4.112557719	2.508844524	3.490716774	5.590891389	3.158566741	13.40789513	1.792849464	14.76413956
230	218.9825497	391.4689791	393.1950059	322.0754486	196.2799066	230.2552904	177.1075945	317.5061565	167.297219	302.5900058	229.439947	237.8293781	160.8197278	184.1209158	282.6257335	351.7347818	375.1738033	336.0890968	536.6235927	372.4986715	395.9537416	330.6085919	290.8958939
231	22.81955444	542.0809374	296.9381951	603.6134018	420.5562521	180.4525635	51.15148941	243.9436764	1153.371709	405.5501449	265.1616214	159.1237996	978.2370137	632.6973331	307.9114125	434.6036606	345.9118716	570.8833279	479.8087926	255.1176349	268.8204319	340.0996569	505.8397864
232	0	0.193538242	0.237868493	0.123485788	0.028764144	0	0	14.14462051	6.096373527	3.04318743	16.17627089	0.025362625	9.71041071	0.038378984	44.17117551	0	0	1.035351945	2.229517276	0	0.35949759	0	0.008811589
233	36.08763914	7.419493862	10.46904989	12.00874198	6.965566129	2.402341855	1.29266845	5.608259608	20.35336576	5.207788189	17.52276079	21.53419596	2.351625933	4.73869893	19.13315387	11.03079022	1.541684846	8.266514147	12.96759902	8.961498127	28.51197292	17.34320309	16.10745635
234	32.27694776	19.88187221	56.27664988	34.6914885	13.97702172	28.39316677	2.022812543	14.25492231	15.56116536	25.14615556	21.91019257	43.20570794	48.58613392	78.82142264	2.141449356	8.788608963	93.92116339	11.16640231	17.86415007	125.1176645	74.00958248	23.71249452	38.57322368
235	9.425334019	6.521999282	9.728932031	13.01652159	11.93222863	10.68403664	6.876556726	5.506683576	6.736478862	18.22259461	11.76265984	31.98726611	12.2996019	3.184768481	5.326814629	4.91691226	24.82095489	9.255756452	6.132067773	5.685335292	19.74163006	5.222892393	0.473584012
236	2.742671793	49.54357156	44.44588824	38.29773713	14.09908448	19.68931129	2.927287229	13.59123692	27.38675891	51.34663516	19.54476234	33.54830155	34.32498205	14.02898826	31.29713838	29.6178218	30.77681256	20.8421483	41.35553059	26.21720141	19.88105473	0	30.40520947
237	0.684304296	15.62852597	22.71469779	23.55025987	3.416665354	15.75679378	0.880400358	9.835931347	12.0043974	15.61567373	15.47566888	99.31501642	23.47140267	21.66113717	15.72602878	8.150311935	50.01995134	20.09167723	13.0509527	36.36454402	58.97666334	34.86711908	99.17499817
238	0.341185446	0.350125309	0.023910569	0.900928476	0.533973536	0.033448543	2.364115027	0	0.032227904	0.01423969	0.023423391	0	0.080355401	0.03256723	0	0	0	0	0	0	0	0	3.966445868
239	1.393532052	5.117199539	8.737416299	5.472800722	9.98139678	51.19390838	7.261832551	29.54777647	7.922478211	6.647194385	3.155459386	6.967552518	8.500459704	0.356350862	4.463078991	3.831149566	10.36505345	8.04370095	7.189598752	1.097506919	18.7487114	1.201436562	14.67866809
240	33.57817604	51.19802762	74.01129636	43.8311948	85.50028093	22.15644494	149.341984	229.727034	83.91863446	36.53543517	61.52588443	18.8115112	56.79956478	17.59783392	93.12928808	85.8276981	131.9038252	47.66486714	39.45677665	39.56059064	42.11678275	104.8610743	66.557949
241	0	130.4942997	60.00907077	57.24441851	33.1164672	14.85170166	0	123.4493444	93.6321796	39.31096907	36.83956635	3.8070574	203.7170665	63.1515779	111.976239	188.0758738	190.269501	54.01106718	19.72347724	16.37752723	11.93338881	0	0
242	0	166.2054016	157.7747923	265.6701275	42.85002378	280.0740705	5.50469929	107.5529366	223.7060006	263.6063592	80.87094555	13.77351075	166.2133681	2240.018964	267.7317015	99.32521955	314.3307237	215.0261646	156.2914392	248.1928225	370.3701125	306.333995	647.2085429
243	0	0.367507933	0	0	0	0	0	16.61049367	0.0065263	0	0	0	0	0	0	0	0	1.781428887	0	0	0	0	0
244	0	55.20373841	89.77197349	29.40485387	0	92.09248953	0.014931272	296.4195398	384.1440985	117.9266647	210.6903702	3.538459364	28.45186503	0	0	185.9493253	54.36622423	1583.372573	723.4177665	550.9332239	167.652946	0	1112.567791
245	0	107.3847039	102.4962291	242.467837	34.70410059	58.90477221	0	23.86926727	56.64853384	18.57987853	38.02396466	14.39170294	65.49034179	58.8052139	77.0801651	64.41278358	57.8575073	33.37845997	45.79244241	63.09351974	244.9796478	0	80.83561854
246	1.171746983	19.91923774	6.77054864	17.20133048	8.592042079	37.77462776	11.81460414	7.592822398	5.801894274	2.805689108	9.958983778	2.538258763	2.051607537	7.348336006	11.62495622	11.39137235	2.024729226	7.402161827	11.96061142	4.324337141	9.276994097	13.72599309	52.88703783
247	4148.578431	4326.125672	5374.03339	5150.272144	4375.346631	4069.059762	4943.333445	4938.594929	4645.439342	5817.165405	5414.020994	7943.774536	6311.585001	4422.257386	4725.570191	6814.407346	8400.490095	5738.619759	4871.924649	10258.47073	4711.320362	3141.924397	7205.491284
248	0	23.88560781	22.19611019	37.99081279	4.843360427	28.68027415	0	4.618418437	14.49248922	23.67166505	30.3400554	2.584164581	20.92722496	11.01281196	3.591506709	32.41902258	0.083396024	17.55091375	68.08118995	40.07865251	54.76185723	6.472639725	25.95333179
249	0	0.309984204	0.867312829	1.950098161	0	0	7.101567032	0	0	14.73939904	10.11827924	0	5.780310912	0	94.14479295	0	0	2.574481375	0.421568165	0	0.705495252	0	0
250	0	7.966344852	37.99345652	16.33586066	15.81924743	0	0.070887651	305.1860615	16.7854473	1.538918247	15.29481037	0	0.055685232	0	0	12.06477038	0	142.9143869	76.2537879	0.060145349	0.477377826	0	0
251	0	28.86346521	55.81204972	1.335740525	2.989640149	0.556897881	10.66698249	3.937195117	0.210994534	0.398582927	19.10056413	5.108809	55.12174954	0	122.3782704	23.66824823	66.00994215	4.999195081	10.06191091	0.067299284	0.21883643	0	0.106135237
252	0	22.885849	14.86932391	23.64867593	15.59798442	2.652381147	2.379425964	18.97766029	11.90775381	26.7325735	28.98552769	43.64255378	58.00340663	10.6827654	23.38808329	12.85371815	28.65232714	26.52708846	22.19721223	26.1136242	31.93632813	36.32996569	2.409175075
253	0	148.047066	98.529538	79.03376404	46.45134414	122.4946019	6.280795242	86.08784802	39.68444953	273.30822	206.7603469	554.6986523	179.4259785	43.24337392	31.72138331	111.3659685	152.9605096	89.4660737	155.215974	198.9010754	124.6331616	598.0058129	29.73442866
254	24.52784925	24.14004337	25.77437551	29.24273316	23.93630184	51.62982479	19.19064576	25.55024821	30.44159804	26.38799073	30.19064362	19.7438445	27.12202511	45.11991152	25.67800319	22.37442238	20.39923411	35.73548564	25.50238361	15.99266949	31.5460851	21.01878229	28.22324993
255	0	1.191609368	2.300396523	5.047926503	0.43344888	0	0.498421682	11.18525445	0.763487578	1.422697166	7.105136487	4.218627405	2.942208837	13.35462853	0.904715876	0.82686979	1.345118128	3.849004708	2.290516662	3.589950412	5.826020485	0	1.831484954
256	1.465325351	11.00191603	13.32642979	17.46684591	9.576216172	10.43689195	4.535766054	7.118666176	13.5662046	5.150209225	4.815621726	3.270563909	8.669545231	4.984418436	15.39835546	7.098023253	7.722530997	3.198374885	13.40479947	3.737714071	18.27878481	0	8.726112047
257	24.48789581	71.80573256	569.1276076	69.77194541	103.2065242	88.2898793	126.550199	90.8802314	113.3679653	64.90796105	84.46492642	107.5448312	120.1329157	113.4700764	40.44641242	75.11971888	1162.640066	90.76875365	77.85030054	86.36281004	65.72284371	192.8381127	156.2814827
258	0	2.277574609	1.615757604	1.214736324	0.885182585	0	0	2.865558312	0.906574065	3.612250399	0.476941233	2.043741575	1.965493004	0	6.920625833	1.176783158	0	1.935002071	1.640625231	0	0.587578036	0	0
259	69.1451842	70.22074342	26.75985929	41.38817479	38.92028651	21.17740199	37.12142508	42.03826711	68.84131158	20.82452706	38.42202239	4.089679694	45.49100751	71.55328421	72.40396789	36.57731096	0.888094526	45.64899563	82.88700212	32.93386854	64.65538718	0.40571228	40.21166837
260	18.4923075	2.797719589	2.63360577	3.954073493	6.54411624	1.701826566	3.65036048	5.273418505	9.312454197	2.836641159	8.406731358	2.173635437	1.773099111	5.172781506	1.466141941	3.891675616	2.802078592	6.32702795	14.89228714	4.877884638	8.316155866	20.25208322	2.876570982
261	19.89774815	3.441074248	0.614653908	0.189291784	18.97502014	14.24892359	34.31627972	4.150995966	7.14501008	1.527007547	10.67984969	0.278711014	0.178839512	0.052567127	0.010816228	1.844656035	0.077169908	0.936723651	1.337300322	0.027445397	0.604971178	0.047142687	4.479738987
262	0	11.64342644	0	0.413465877	8.252098843	0.020230166	0	8.408382017	7.406936798	1.016220482	2.838419048	0	15.58932414	38.96376627	60.22565094	0.010852581	0.015094157	6.709685233	6.327629851	4.245395336	0	0	0
263	0.028039229	0.026129788	0.023770949	0.036975106	0.03812752	0.027356397	0.104999507	7.963825585	0.095807753	0.031370459	0.691837032	0.027858267	0.035228389	0.027837906	0.036938468	1.554137283	0.022641591	0.081243303	1.740887997	0.027226039	0.075620185	0	0.595039064
264	0	5.875609637	2.608112684	12.06566021	2.018050941	0	0	10.72634965	4.578855528	11.28873743	4.541755888	2.375377831	23.5642373	3.862876679	7.712891445	4.850683401	0.099244729	16.05518919	30.1158263	3.789024081	8.087212179	0.160003624	4.623079255
265	20.7706889	13.05964775	9.238305503	12.41953228	13.29278586	6.896161642	16.67760378	8.95685893	16.45751747	12.48202936	12.73394955	14.49051098	22.98787026	33.19370344	26.70704995	13.20044011	6.393082116	13.77249176	18.60729816	15.45326795	22.63783722	25.7778326	13.71992647
266	36.1557632	28.28942851	14.44650401	15.50138711	48.06081986	26.27170463	6.51104117	18.09385311	22.19319948	53.4535664	15.49471307	10.76304563	64.00492553	9.412989447	0.369795288	22.06827719	18.81173036	22.73220019	28.57223962	15.0622129	14.58119309	23.90491822	19.6707988
267	157.0484615	42.12748518	26.59990544	21.96666615	213.5079089	57.73627075	183.7084258	52.45619186	106.2751696	72.21187214	108.2503889	29.05083134	27.20305643	19.47269029	16.67834894	117.2287857	29.04709936	41.67483449	30.7258394	41.75455557	17.05301457	23.11501236	67.98510081
268	76.68689435	35.3129922	39.70443663	39.4430546	58.50621054	31.40149636	91.7405019	43.68788934	47.58088841	37.90368818	54.06930252	85.71705767	47.95116378	61.50485058	19.52829674	58.9096579	94.26548701	39.7259213	44.75252771	40.17442797	36.84098955	120.4529606	74.69916093
269	0	0.001118565	0.004162037	0	4.766024459	0	0	0	0.148159404	0	0.00385133	1.192853131	0	0	0	0.016046682	0	0	0.029239598	0.063211635	1.957972901	0	0.34246314
270	0	12.71126663	8.426463004	9.080560693	8.336953656	52.62405104	0.004452034	4.534338535	3.357738865	1.301767803	4.220421379	0.254400087	6.150728023	12.33109337	12.77503884	2.874316019	2.16824913	46.25964078	38.17039897	8.645235416	15.37304135	0	25.77459847
271	76.03493643	53.15175278	49.13310119	38.98368371	213.4936193	41.18827676	176.6656658	79.26241155	190.6405105	198.4066987	211.8021904	1257.79666	259.8696492	44.4361523	25.49260716	214.070213	147.6426029	125.0871315	124.724782	746.7939969	333.9236741	188.5131327	21.52029441
272	0	3.566534359	2.614610704	3.135722952	2.921017076	5.332924692	0.004589034	19.89411407	4.836299302	0.416843465	12.95876	0	0.537927593	0	7.97874433	1.174984375	0	69.95147779	55.22079625	7.78452883	20.96348919	0	3.204456026
273	0.973512225	5.547492733	3.233897495	5.778461247	5.606179392	4.066241118	0.138019752	7.446142336	13.64916218	6.43367781	13.84253904	3.070741356	0.56456271	0.697972979	7.307683367	0.81583186	0	8.059945317	2.272355612	6.43591622	20.13212995	0	0.842871332
274	0	39.01841305	16.76246218	52.62533441	7.476648426	35.6494483	14.11284469	104.5116841	21.66756023	10.14581231	14.2797	9.944490229	4.994519025	19.26134781	31.40115732	48.08516811	16.07353986	28.67472744	28.88391394	46.03345323	99.75924018	56.54302974	115.150499
275	0	14.69314165	1.194884136	5.27667671	29.85982452	121.4474483	1.635439087	13.24649872	2.461018239	5.148953881	15.22512813	5.994373913	1.029860072	6.234845999	8.087672181	2.144269735	9.847289206	11.7173907	1.67559761	4.822912244	4.938434688	50.85094666	6.757409046
276	0	0.010782946	0.053964893	0.010793349	0.013371026	0.021608844	0	0.073170488	0.544052204	0.022762267	0.004527002	0.030458068	0	0.005405455	0.002857177	0.007131635	0.354340465	0.038601234	2.816545375	0.002116785	0.004087599	0	0.102080604
277	0.101569035	8.800700847	10.90881599	72.57109954	10.27772234	15.81448251	0.527876894	0.315364103	3.869843421	12.82101922	4.961462035	7.974323654	25.15975264	69.51993213	46.59153523	4.479604605	14.83167841	24.11622168	29.47408493	30.25085663	43.63623565	13.184308	28.62258238
278	26.29763612	9.231933667	6.844845468	11.80793017	15.91544728	9.553711838	15.9013361	13.9072011	17.08366889	4.565775531	11.02272461	0.109066761	10.49060785	6.191828747	14.52576883	17.7260641	7.480231572	4.886371979	7.291569956	4.284602783	18.27411206	0.124283693	17.0374722
279	1.504944682	3766.807571	2371.317638	3272.472673	560.9239638	30.3340885	19.71415104	394.4755712	1324.903744	116.9757462	303.7443965	142.4245421	1558.919388	1299.941326	2661.783365	714.7409815	665.7721142	689.0214277	586.8242247	172.1177371	372.4490222	0	211.6567322
280	10.26312132	10.87001314	18.62638819	18.10448115	14.47174829	0.021724366	23.56638197	117.8698053	25.16094683	8.993764402	21.60766035	26.13151424	2.114948938	5.854429523	1.907753173	15.05721792	16.41462148	10.60881727	10.83113699	12.55963786	15.93645343	56.38057779	20.86027242
281	0	0	0.00145252	0.012264378	0	0	0.010273765	55.83300423	0.005385923	0	3.496020898	0	0	0	0	0	0.036792445	15.51850264	10.82731485	0	0.020510914	0	226.2956363
282	0	0.010917212	0.178718052	0.038530654	0.148580139	0	0	0.042438976	0.000631578	0.170702548	0.020540457	0	0	0	0.674512526	0.022364227	0.002830225	4.015457913	0.95281116	0.648991509	0.374368479	0	6.704158034
283	0	0	0.121535403	0.520032424	0.004831596	0	2.708462168	0	0	0.361621741	0	4.127774281	0.967738817	0	0	0.195925834	0	0	0.112285444	11.00655202	3.998153691	0	9.545969794
284	0	13.5846719	0.071985497	1.331557002	0.331496807	0.964396849	0.126786869	0.99963495	1.885569576	3.665562898	4.447994621	3.382104253	2.499670649	16.35031986	0.008163291	4.811853211	0	19.20564191	9.636598265	5.466365461	7.553526749	0	23.86118821
285	0	2.62872907	4.539818132	4.024713881	9.142181901	0.01919516	2.326421752	11.26931708	8.058332323	1.380582416	2.198422269	15.7173772	0.529329245	0.783230042	1.15590861	3.847360462	15.87323246	13.46329414	12.51869227	4.703545951	9.186176346	24.61713958	7.274967472
286	0	0.480190246	0	0.13272467	0	0	0	2.788567605	0.212919364	0.003704441	0.260937976	0	0	0	1.2794252	0	0	1.232596493	1.763698509	0.780288462	0.817566745	0	0.015445259
287	0	0	0	0	0	0	0	0	0	0	0	0.006218662	0	0	0	0	0	0	0	0	0	0	0
288	223.4033316	42.56573647	40.40889504	14.72173758	108.3716098	13.11431556	54.81092619	45.03884141	101.2539673	29.34007124	87.42697505	36.60781385	36.95368622	0.00851356	10.45031864	68.79051225	12.60302909	43.66513773	47.45765385	23.44644388	26.58510388	50.74259813	38.43844111
289	134.3558	70.44663483	66.45326484	62.82957939	145.0428499	101.5428627	128.8305875	143.410302	152.8411122	84.68198602	118.3961398	79.97619936	95.62138418	42.56729415	100.0924269	96.18872088	247.902678	122.70249	112.8089602	155.7525782	135.6153411	144.3823228	162.9830244
290	82.33665397	35.12927504	29.87112153	29.54767049	77.01329808	37.22598234	80.5688473	55.88319757	54.86399784	21.86871385	35.88620982	11.88922877	45.69687749	39.17526843	38.85862805	50.48919689	4.945888206	16.72641031	18.3600342	11.29684167	18.36134472	26.60397834	33.32159158
291	0	1.430878285	0.120387704	1.001765352	0	0.054368099	0	1.133039185	0.626258402	0.313575479	1.567723939	0.008360506	0.10344705	0	0.135100231	0.680929055	0.118113815	5.096723887	5.661265644	1.109087022	2.970029183	0	3.315241447
292	0	3.090283308	0	6.438957645	3.05570513	4.83287236	3.426534736	10.68502269	1.989006392	0.801634543	3.439437069	0.005051767	0	0	0	6.491773318	0	0.035440385	1.001689952	0	1.896560224	0	16.00694176
293	348.4280281	51.73186959	52.05236598	17.67668461	117.8379573	3.947624145	202.692055	44.31345207	171.9110143	46.05431269	164.0516535	35.01213688	29.12563833	4.194373667	2.422118972	230.5541339	99.43641878	38.50527046	39.2215794	46.72936424	16.4073856	15.0357813	31.53822442
294	0	88.20359608	3.691517336	102.5956217	0	0	0	1.512972907	10.12902623	5.907636831	15.78531349	1.754787844	1.586265096	0	0	0	0.150565359	9.328793611	0	0.664036225	0.354003691	0	0
295	72.88736741	67.444783	120.7987416	82.14347238	105.884295	32.66142236	119.0561746	85.53382214	79.00415981	77.84214327	80.07868862	169.2226032	104.307755	47.00343029	64.00821182	116.0845895	82.12995132	60.34181511	109.72301	115.958977	97.51724451	131.4318768	63.34076863
296	0	42.16992701	44.79285829	28.69043837	26.79284643	67.91573734	61.12001772	96.67310788	43.26800242	57.48567348	38.9698873	52.14500453	64.64408897	6.943311671	41.4057013	51.87452839	26.605257	58.05044593	40.10694944	49.73936203	38.25867649	84.93119802	47.64863223
297	17.23809294	17.62249191	17.09761789	17.21370643	16.82898181	16.96043853	10.28587931	10.91539289	16.58838188	22.98895611	16.28658525	15.76683708	14.68577676	25.73030122	10.37943585	14.22424987	25.81928991	19.91746086	14.20113845	16.59356587	20.34996201	4.857139809	35.31500514
298	15.40589429	18.64918681	13.37191447	16.32068271	10.71700685	13.4793688	3.846079213	21.80657835	16.13085355	29.33124659	5.478144379	22.92967193	11.30075493	3.698372872	10.76926773	7.883995354	11.50672035	20.40338967	25.83309012	25.53771445	28.51977271	18.56886718	8.117697491
299	90.36440296	39.91256857	0.171505015	0	268.7709332	0	243.5983549	89.17969482	147.4522666	52.30410781	140.3973265	0	0.007411294	0	3.788746302	309.5210855	0.019433564	16.93863099	0	0	0	0	148.4450724
300	0	1.864499217	1.47937138	3.316302335	0	29.75149536	0.010068747	4.834841599	3.129159441	9.928494365	23.94309884	0	0.555085933	270.8234063	16.06586651	7.642858648	0	65.32096899	26.72892875	15.57334846	9.266987954	0	5.0156131
301	0.016667398	0.007561441	1.127186543	0.024908952	0.00250936	0	0.003150693	14.53257936	1.725781468	0.002012852	0.006418949	0.001757696	0.002385773	0.630259461	0.026122231	0.02251976	11.74735758	0.001398957	1.895347668	0.021167641	0.008029214	0.042856822	4.409756312
302	0.736697679	62.49362877	24.96645518	27.31991406	8.252116573	77.06846801	10.37064113	124.732519	12.0161618	16.04812354	51.34209766	10.79254885	8.497162821	54.8895375	19.82754014	52.2053901	8.80760795	15.51065215	28.24079767	54.44600815	61.98637948	0	40.66252114
303	0	14.03337775	16.09654258	24.61835331	0.662686342	76.04556425	3.201243528	56.75739857	36.98224222	19.91277021	67.47916251	348.6513356	47.51240347	3.117606938	28.20988331	7.880533658	53.43448636	193.5854501	214.4302899	544.9007404	228.5522784	0	304.22421
304	0	198.2187803	84.41388149	170.8922257	47.39520115	15.25280318	14.28494003	300.7343903	103.7715091	403.1382362	148.7793513	98.25123489	159.3735214	365.4608641	85.24912571	103.0222493	47.11951764	144.5457505	256.9957413	220.1581478	185.8649586	107.0519948	138.8979431
305	0	1.998527156	2.54323119	5.525883624	2.329520634	7.058086018	0	2.136607046	3.397854406	1.144590608	1.326379284	0.398054729	3.463516535	0.381222937	0.129181938	1.052321969	0.527748691	0.127974869	0.220060349	0	0.961097778	0.185711284	0.671808859
306	0	1.991264121	0.857010453	1.520464816	0.560756112	0.155180524	0	0.335971575	0.586846509	1.658408811	0.881669935	8.776489003	3.336705132	3.941530326	0.387338959	2.154984951	2.303845657	0.692572991	1.706880179	7.253528393	8.478958874	34.14352083	0.007425992
307	12.40042018	29.83730292	23.78359262	24.71405299	39.32218299	136.6434502	67.72760188	50.38497284	37.64958142	20.17346311	41.55497454	10.51134295	18.73592287	44.03890788	14.43657515	26.7723335	18.22146276	28.94552277	38.15266597	34.0360097	48.02960337	41.33371936	77.65221162
308	1.142154436	3.58624021	5.227750371	5.126714759	4.602139407	0.886206942	1.874309183	8.585413432	3.869525887	2.110002322	5.190615925	5.616440022	4.723791992	0.682981042	1.141013514	11.12524047	28.38174832	10.95826586	9.182080077	3.720844552	4.629987872	0.848565951	2.968310971
309	16.33974158	13.5610662	28.36286523	16.46510177	9.696568061	33.806117	27.57011434	6.959287483	14.47792596	16.60171918	9.156859669	42.77451808	15.55659327	15.27881897	39.57657311	7.484952868	86.86727006	14.18871003	9.184755835	66.36855162	34.77429578	84.90624464	22.55108958
310	16.14573823	48.7967756	45.16383397	30.45811527	83.87670793	66.18856578	124.1499926	67.64351958	68.37480103	33.85739256	73.94234443	62.68135876	65.7310435	103.985017	49.4221822	100.7594452	83.18645841	67.81690812	49.33181787	62.21195903	54.57272282	162.4328903	66.9272143
311	6.628857814	149.7663843	362.0150165	141.7733791	138.0091571	48.57682669	131.4678685	160.2005674	80.42863685	96.48565731	100.5257327	26.46098674	76.65745553	145.5116752	336.9539589	120.8931978	88.9196933	25.76496243	28.62986891	36.81737565	40.55844619	115.9783743	31.40844142
312	57.05065159	22.363105	22.31875288	9.382014496	42.75169543	49.73166263	25.45390455	24.89831905	32.86060679	39.05417392	26.09317323	63.30002313	53.39270995	8.14345198	6.528080702	24.92428463	50.36656915	51.58641405	27.45104806	63.29305695	25.17047233	61.90306059	106.5589746
313	9.774676511	8.225255787	8.708997158	10.42859985	5.574355211	0	0.49635293	1.657606371	7.072102788	2.234870191	2.18107899	7.326295359	6.308138999	0	0	0.984181781	18.99399021	2.283537072	9.331032516	11.36726187	5.734179496	126.43925	0
314	0.059607157	4.925061254	4.373027999	4.459171653	0.733821053	0.044942897	0.485348036	21.46155292	1.225121927	1.833503794	1.34704404	6.729357603	0.751870202	16.68311135	0.20081468	2.957304618	7.559330312	1.918931073	6.675091333	1.465989264	15.41918743	0	0
315	21.41355573	29.54723528	31.93887618	41.52899217	28.64590206	0	29.06171564	18.21465595	21.85421634	19.18629598	17.22104604	27.70639003	37.75877418	15.90551738	33.16932421	11.9392984	9.830526879	21.98481548	28.59881691	3.223530205	17.1631358	0	18.04833711
316	0.044705788	1.473984203	6.10544246	4.175718785	2.889018451	8.504445342	10.64768422	2.11950294	4.017296507	10.35111423	10.26397888	5.635418337	10.27697922	0.513237739	8.602818618	11.56765933	21.52726034	2.116315971	4.797225118	4.05280227	6.777626525	0.047142623	0.374552668
317	0	48.54540546	44.40284143	46.27304571	25.37278216	40.2457136	8.996378282	6.605973082	36.57198225	49.17129306	52.30570328	77.7663379	46.68575689	42.79777795	36.52552353	44.35126576	94.04947531	53.47346145	44.47807961	58.84364755	38.41070169	129.3243681	32.52400999
